0 727.744 184.036
30000 216.187 51.3383
60000 75.7701 23.0361
90000 44.7835 15.7175
120000 31.9933 12.034
150000 24.9812 9.90686
180000 20.582 8.0816
210000 17.6272 6.86727
240000 15.6417 6.19561
270000 14.1881 5.75739
300000 12.9551 5.33186
330000 11.9813 5.25426
360000 11.0919 4.48146
390000 10.3624 4.11381
420000 9.76386 3.88889
450000 9.22328 3.70312
480000 8.80277 3.34903
510000 8.41141 3.12598
540000 8.00111 2.88062
570000 7.76919 3.10581
600000 7.53181 3.34971
630000 7.25562 2.91177
660000 6.99623 2.51659
690000 6.72078 2.24475
720000 6.46989 2.02459
750000 6.30801 1.9949
780000 6.20547 1.86086
810000 6.00113 2.06067
840000 5.86334 1.97401
870000 5.70258 2.02313
900000 5.61727 1.94127
930000 5.57106 2.07668
960000 5.46321 2.15807
990000 5.30661 2.05723
1020000 5.20608 1.80656
1050000 5.12742 1.75653
1080000 5.03848 1.73866
1110000 4.93655 1.74314
1140000 4.82803 1.6013
1170000 4.69552 1.55882
1200000 4.66578 1.55048
1230000 4.69156 1.57523
1260000 4.58132 1.6909
1290000 4.5454 1.68905
1320000 4.48276 1.60159
1350000 4.40658 1.52624
1380000 4.37196 1.52561
1410000 4.29628 1.47438
1440000 4.23237 1.52263
1470000 4.17695 1.53462
1500000 4.18529 1.55279
1530000 4.1036 1.46396
1560000 4.06635 1.46384
1590000 3.9973 1.48654
1620000 4.00181 1.53558
1650000 3.91532 1.49884
1680000 3.89518 1.50354
1710000 3.89231 1.43297
1740000 3.85641 1.44035
1770000 3.75657 1.41314
1800000 3.71183 1.38151
1830000 3.66582 1.3929
1860000 3.65694 1.38423
1890000 3.63664 1.39237
1920000 3.60545 1.40808
1950000 3.58376 1.45606
1980000 3.54844 1.4587
2010000 3.50083 1.38643
2040000 3.44858 1.3736
2070000 3.42604 1.31569
2100000 3.39895 1.36802
2130000 3.38058 1.31593
2160000 3.33059 1.29775
2190000 3.28365 1.28313
2220000 3.2711 1.27208
2250000 3.24404 1.27629
2280000 3.20149 1.26587
2310000 3.18019 1.24122
2340000 3.14193 1.20901
2370000 3.10286 1.19514
2400000 3.08885 1.16614
2430000 3.03774 1.16021
2460000 2.97696 1.1324
2490000 2.97351 1.14112
2520000 2.91871 1.12265
2550000 2.87819 1.11143
2580000 2.87313 1.10639
2610000 2.83331 1.11773
2640000 2.83132 1.12346
2670000 2.80961 1.12013
2700000 2.77241 1.09231
2730000 2.74018 1.08435
2760000 2.70781 1.08894
2790000 2.69822 1.10545
2820000 2.67319 1.09845
2850000 2.66818 1.09153
2880000 2.59879 1.0933
2910000 2.56996 1.07228
2940000 2.56263 1.0762
2970000 2.51307 1.0791
3000000 2.52153 1.09153
3030000 2.49259 1.06219
3060000 2.48433 1.03552
3090000 2.44734 1.06736
3120000 2.43391 1.07755
3150000 2.37925 1.03138
3180000 2.3712 1.03872
3210000 2.32363 1.00522
3240000 2.33374 1.03156
3270000 2.27608 1.00942
3300000 2.27313 1.00168
3330000 2.26199 1.00139
3360000 2.2303 0.991893
3390000 2.19952 0.985027
3420000 2.17182 0.97931
3450000 2.17705 0.966612
3480000 2.11686 0.944859
3510000 2.14815 0.98005
3540000 2.09966 0.942008
3570000 2.09179 0.937171
3600000 2.10125 0.957093
3630000 2.10081 0.981166
3660000 2.04111 0.933424
3690000 2.01941 0.932361
3720000 2.04752 0.92426
3750000 2.01282 0.94787
3780000 2.0116 0.942777
3810000 1.98905 0.957179
3840000 1.96067 0.94263
3870000 1.92488 0.919966
3900000 1.95413 0.89702
3930000 1.96087 0.9432
3960000 1.9165 0.91962
3990000 1.89174 0.890896
4020000 1.8603 0.897575
4050000 1.84688 0.908127
4080000 1.82907 0.896521
4110000 1.82332 0.885845
4140000 1.79607 0.885291
4170000 1.78899 0.907982
4200000 1.75476 0.86203
4230000 1.74931 0.890005
4260000 1.74531 0.874634
4290000 1.71827 0.858716
4320000 1.70797 0.85996
4350000 1.65614 0.839548
4380000 1.68619 0.85003
4410000 1.68602 0.868243
4440000 1.6724 0.86097
4470000 1.67168 0.861467
4500000 1.65482 0.858893
4530000 1.64105 0.852893
4560000 1.63798 0.858099
4590000 1.61984 0.826767
4620000 1.59792 0.834796
4650000 1.58828 0.854581
4680000 1.56717 0.823256
4710000 1.59924 0.830179
4740000 1.56433 0.817218
4770000 1.54934 0.834084
4800000 1.50952 0.805926
4830000 1.51756 0.815792
4860000 1.52201 0.804766
4890000 1.50581 0.802597
4920000 1.4946 0.798841
4950000 1.48877 0.791444
4980000 1.47982 0.765395
5010000 1.46654 0.781033
5040000 1.46119 0.762972
5070000 1.44754 0.771077
5100000 1.45199 0.768674
5130000 1.44463 0.781788
5160000 1.44912 0.765332
5190000 1.40369 0.762804
5220000 1.40408 0.722367
5250000 1.42525 0.759502
5280000 1.40746 0.729146
5310000 1.38963 0.746286
5340000 1.3753 0.732707
5370000 1.38028 0.747267
5400000 1.37129 0.744979
5430000 1.35968 0.727077
5460000 1.34853 0.720644
5490000 1.34694 0.712453
5520000 1.33513 0.708616
5550000 1.30924 0.702896
5580000 1.28231 0.681588
5610000 1.28522 0.683764
5640000 1.2798 0.679776
5670000 1.26769 0.69269
5700000 1.25527 0.678143
5730000 1.24628 0.669064
5760000 1.22373 0.685913
5790000 1.24025 0.652982
5820000 1.22387 0.673663
5850000 1.22929 0.659844
5880000 1.2064 0.665365
5910000 1.20856 0.640663
5940000 1.1841 0.633267
5970000 1.1772 0.631206
6000000 1.16335 0.643004
6030000 1.16826 0.629176
6060000 1.17208 0.642079
6090000 1.14829 0.614568
6120000 1.1458 0.61467
6150000 1.13237 0.601627
6180000 1.13904 0.616543
6210000 1.11422 0.589282
6240000 1.10287 0.596781
6270000 1.10777 0.593646
6300000 1.09977 0.591476
6330000 1.09785 0.602687
6360000 1.09243 0.597378
6390000 1.07332 0.58031
6420000 1.07378 0.580332
6450000 1.04163 0.569122
6480000 1.07678 0.577647
6510000 1.06361 0.583951
6540000 1.04172 0.577026
6570000 1.0592 0.596816
6600000 1.03344 0.579485
6630000 1.01516 0.548968
6660000 1.02493 0.551537
6690000 0.996877 0.557983
6720000 0.99465 0.547891
6750000 0.985099 0.563982
6780000 0.985058 0.568802
6810000 0.971419 0.53535
6840000 0.956246 0.540443
6870000 0.970455 0.56302
6900000 0.955404 0.54432
6930000 0.932214 0.546796
6960000 0.938827 0.535685
6990000 0.942003 0.540646
7020000 0.952803 0.545558
7050000 0.935255 0.5305
7080000 0.930477 0.532121
7110000 0.934089 0.543849
7140000 0.906867 0.505575
7170000 0.892567 0.513241
7200000 0.897735 0.511814
7230000 0.86944 0.491997
7260000 0.876956 0.517069
7290000 0.888639 0.525476
7320000 0.882215 0.510897
7350000 0.869123 0.511071
7380000 0.870401 0.506216
7410000 0.882764 0.50703
7440000 0.867692 0.502143
7470000 0.856899 0.512524
7500000 0.861543 0.500206
7530000 0.847324 0.50218
7560000 0.852818 0.486933
7590000 0.841066 0.481638
7620000 0.832755 0.475967
7650000 0.820348 0.471479
7680000 0.822658 0.477772
7710000 0.80904 0.469175
7740000 0.820709 0.485066
7770000 0.80669 0.462021
7800000 0.797973 0.462427
7830000 0.780005 0.457289
7860000 0.798973 0.459286
7890000 0.806455 0.46801
7920000 0.773891 0.472096
7950000 0.766695 0.448835
7980000 0.780556 0.44121
8010000 0.780852 0.456956
8040000 0.75665 0.450292
8070000 0.775794 0.463559
8100000 0.765817 0.465243
8130000 0.750043 0.45066
8160000 0.773775 0.4769
8190000 0.763064 0.457629
8220000 0.753943 0.467814
8250000 0.747917 0.440342
8280000 0.738957 0.453092
8310000 0.74229 0.456717
8340000 0.751669 0.460156
8370000 0.742046 0.452808
8400000 0.719944 0.43437
8430000 0.73506 0.446674
8460000 0.70458 0.432561
8490000 0.702466 0.419332
8520000 0.697324 0.422664
8550000 0.718427 0.444529
8580000 0.69692 0.43277
8610000 0.690619 0.419718
8640000 0.686895 0.426754
8670000 0.706578 0.434199
8700000 0.699846 0.449223
8730000 0.68033 0.418873
8760000 0.682851 0.429771
8790000 0.684862 0.407847
8820000 0.658877 0.3982
8850000 0.688926 0.417885
8880000 0.674808 0.419399
8910000 0.678469 0.431137
8940000 0.663756 0.397093
8970000 0.663414 0.414556
9000000 0.668398 0.397752
9030000 0.651073 0.406337
9060000 0.671257 0.402956
9090000 0.657571 0.394418
9120000 0.63069 0.383027
9150000 0.641659 0.388854
9180000 0.633209 0.38112
9210000 0.62415 0.364739
9240000 0.633427 0.394142
9270000 0.630521 0.378381
9300000 0.616084 0.382839
9330000 0.633904 0.376717
9360000 0.620918 0.36346
9390000 0.615665 0.375677
9420000 0.619407 0.392318
9450000 0.591597 0.372821
9480000 0.589656 0.361759
9510000 0.604992 0.379243
9540000 0.598782 0.365167
9570000 0.586618 0.384291
9600000 0.586964 0.352784
9630000 0.576948 0.363138
9660000 0.582297 0.363421
9690000 0.581198 0.370479
9720000 0.570309 0.350252
9750000 0.568885 0.374126
9780000 0.554059 0.353906
9810000 0.571207 0.346968
9840000 0.569416 0.354334
9870000 0.561192 0.348975
9900000 0.556287 0.331065
9930000 0.544042 0.341018
9960000 0.546432 0.340459
9990000 0.534873 0.332529
10020000 0.53428 0.340422
10050000 0.546933 0.34538
10080000 0.519522 0.330039
10110000 0.529535 0.356592
10140000 0.524728 0.336551
10170000 0.525016 0.332016
10200000 0.524861 0.331669
10230000 0.521056 0.325751
10260000 0.505152 0.322853
10290000 0.501918 0.326619
10320000 0.520759 0.332071
10350000 0.51328 0.316306
10380000 0.510632 0.328059
10410000 0.511019 0.319111
10440000 0.503184 0.327901
10470000 0.501353 0.305309
10500000 0.497289 0.318488
10530000 0.490891 0.314538
10560000 0.493234 0.309704
10590000 0.477911 0.311702
10620000 0.48334 0.304253
10650000 0.4683 0.305052
10680000 0.461722 0.304984
10710000 0.472881 0.309849
10740000 0.444376 0.295705
10770000 0.475588 0.399549
10800000 0.466113 0.300766
10830000 0.454289 0.288634
10860000 0.455815 0.306573
10890000 0.462738 0.297364
10920000 0.451982 0.291439
10950000 0.466835 0.289764
10980000 0.456971 0.286635
11010000 0.456405 0.305898
11040000 0.467923 0.292569
11070000 0.456432 0.290503
11100000 0.457436 0.281209
11130000 0.463268 0.30354
11160000 0.454629 0.279391
11190000 0.460645 0.288785
11220000 0.43824 0.28231
11250000 0.464494 0.296244
11280000 0.44366 0.281038
11310000 0.442112 0.275831
11340000 0.439582 0.276599
11370000 0.437695 0.282442
11400000 0.427487 0.261836
11430000 0.429114 0.269487
11460000 0.433256 0.268541
11490000 0.438755 0.271006
11520000 0.430771 0.281781
11550000 0.432126 0.262719
11580000 0.428772 0.26175
11610000 0.423357 0.264254
11640000 0.422739 0.258012
11670000 0.424169 0.26109
11700000 0.425644 0.267766
11730000 0.41387 0.255733
11760000 0.422534 0.248802
11790000 0.417299 0.263348
11820000 0.408276 0.256646
11850000 0.39668 0.2517
11880000 0.412673 0.24564
11910000 0.407925 0.249834
11940000 0.411527 0.269492
11970000 0.413512 0.254878
12000000 0.404135 0.24588
12030000 0.4056 0.255569
12060000 0.399394 0.255589
12090000 0.402538 0.241816
12120000 0.379689 0.246097
12150000 0.399078 0.245763
12180000 0.38743 0.249039
12210000 0.395448 0.247315
12240000 0.387781 0.24086
12270000 0.388459 0.24509
12300000 0.382597 0.23956
12330000 0.377902 0.236295
12360000 0.380178 0.24892
12390000 0.381302 0.234947
12420000 0.382525 0.237364
12450000 0.376837 0.243757
12480000 0.384201 0.242445
12510000 0.376773 0.253156
12540000 0.368559 0.239489
12570000 0.366116 0.241036
12600000 0.37372 0.241642
12630000 0.359307 0.233729
12660000 0.373674 0.246417
12690000 0.372701 0.233915
12720000 0.384233 0.24978
12750000 0.382634 0.23899
12780000 0.379704 0.257314
12810000 0.393027 0.254168
12840000 0.376526 0.253696
12870000 0.380829 0.254761
12900000 0.382938 0.257496
12930000 0.385778 0.245006
12960000 0.374701 0.248694
12990000 0.368476 0.239545
13020000 0.373924 0.25252
13050000 0.359015 0.238438
13080000 0.366494 0.254722
13110000 0.374054 0.253536
13140000 0.358573 0.250471
13170000 0.370193 0.249622
13200000 0.358395 0.251196
13230000 0.364878 0.244849
13260000 0.365356 0.245385
13290000 0.370664 0.263491
13320000 0.359562 0.255746
13350000 0.370302 0.257926
13380000 0.362648 0.248709
13410000 0.36646 0.252327
13440000 0.377403 0.25602
13470000 0.35541 0.229983
13500000 0.364607 0.241652
13530000 0.371359 0.250685
13560000 0.364741 0.248233
13590000 0.355393 0.232662
13620000 0.360026 0.248674
13650000 0.380865 0.265045
13680000 0.366735 0.237677
13710000 0.363836 0.2597
13740000 0.37872 0.252902
13770000 0.364996 0.257469
13800000 0.362354 0.245301
13830000 0.369208 0.252034
13860000 0.363689 0.261368
13890000 0.374508 0.259566
13920000 0.367921 0.242165
13950000 0.373392 0.250815
13980000 0.373261 0.258154
14010000 0.376776 0.247102
14040000 0.361864 0.242907
14070000 0.378674 0.257714
14100000 0.373267 0.247112
14130000 0.369872 0.242703
14160000 0.364886 0.253939
14190000 0.353917 0.237078
14220000 0.37969 0.248422
14250000 0.382606 0.257778
14280000 0.38204 0.268479
14310000 0.375121 0.253844
14340000 0.380219 0.256549
14370000 0.371574 0.252547
14400000 0.38226 0.264082
14430000 0.36288 0.245895
14460000 0.365177 0.252379
14490000 0.384781 0.250657
14520000 0.379306 0.259932
14550000 0.37987 0.243485
14580000 0.374671 0.241941
14610000 0.388686 0.261931
14640000 0.377591 0.249185
14670000 0.374603 0.239299
14700000 0.388847 0.254435
14730000 0.38678 0.253078
14760000 0.377883 0.245459
14790000 0.389622 0.252891
14820000 0.373413 0.247422
14850000 0.374996 0.254861
14880000 0.371205 0.253451
14910000 0.386623 0.264201
14940000 0.390604 0.241633
14970000 0.386624 0.259334
15000000 0.397872 0.264392
15030000 0.400461 0.252298
15060000 0.396807 0.247982
15090000 0.383403 0.247239
15120000 0.373798 0.251195
15150000 0.398587 0.247677
15180000 0.395405 0.245593
15210000 0.394384 0.25246
15240000 0.383283 0.252854
15270000 0.385516 0.241842
15300000 0.384494 0.22795
15330000 0.375316 0.245546
15360000 0.388849 0.247514
15390000 0.379827 0.247788
15420000 0.382313 0.241761
15450000 0.379526 0.231571
15480000 0.375668 0.242404
15510000 0.399445 0.239341
15540000 0.378614 0.232931
15570000 0.375516 0.246286
15600000 0.393133 0.247664
15630000 0.394607 0.248955
15660000 0.389431 0.244663
15690000 0.390417 0.233733
15720000 0.384892 0.23975
15750000 0.397407 0.244211
15780000 0.373088 0.235802
15810000 0.386533 0.235519
15840000 0.381387 0.238418
15870000 0.385697 0.225986
15900000 0.385951 0.227477
15930000 0.386021 0.245541
15960000 0.392685 0.236307
15990000 0.401837 0.249696
16020000 0.407878 0.253015
16050000 0.380977 0.229002
16080000 0.407428 0.238136
16110000 0.392184 0.237613
16140000 0.407758 0.254023
16170000 0.389427 0.237074
16200000 0.39049 0.245257
16230000 0.391021 0.238504
16260000 0.410638 0.23526
16290000 0.397436 0.251757
16320000 0.400007 0.247976
16350000 0.400789 0.236287
16380000 0.40192 0.227097
16410000 0.392123 0.24086
16440000 0.423961 0.253115
16470000 0.416061 0.251392
16500000 0.398909 0.246895
16530000 0.404267 0.247718
16560000 0.408587 0.242417
16590000 0.415269 0.248776
16620000 0.412078 0.244844
16650000 0.398765 0.246982
16680000 0.412928 0.245566
16710000 0.40111 0.236511
16740000 0.407132 0.249525
16770000 0.410651 0.251119
16800000 0.410892 0.242616
16830000 0.404567 0.234369
16860000 0.402527 0.247673
16890000 0.417206 0.244688
16920000 0.411417 0.238639
16950000 0.400777 0.232626
16980000 0.41019 0.245655
17010000 0.409262 0.241666
17040000 0.411894 0.228003
17070000 0.412031 0.236844
17100000 0.408798 0.248667
17130000 0.420604 0.259629
17160000 0.406212 0.236981
17190000 0.416626 0.253241
17220000 0.413552 0.248234
17250000 0.403113 0.242548
17280000 0.417287 0.244399
17310000 0.41624 0.242341
17340000 0.432411 0.242554
17370000 0.413419 0.246833
17400000 0.415625 0.240758
17430000 0.423947 0.238772
17460000 0.427352 0.234343
17490000 0.423358 0.251809
17520000 0.413759 0.24631
17550000 0.42031 0.250041
17580000 0.416209 0.228941
17610000 0.416196 0.233834
17640000 0.432103 0.243576
17670000 0.421806 0.247535
17700000 0.424331 0.252993
17730000 0.416109 0.238486
17760000 0.436395 0.252339
17790000 0.425756 0.249366
17820000 0.439175 0.243266
17850000 0.434732 0.252431
17880000 0.428628 0.239945
17910000 0.423437 0.230943
17940000 0.434517 0.243127
17970000 0.441233 0.23588
18000000 0.432773 0.245103
18030000 0.41871 0.239243
18060000 0.423513 0.226173
18090000 0.433239 0.248427
18120000 0.435186 0.236082
18150000 0.429052 0.237378
18180000 0.440118 0.245564
18210000 0.438622 0.239368
18240000 0.452543 0.245528
18270000 0.427981 0.240575
18300000 0.433407 0.233288
18330000 0.437912 0.231069
18360000 0.405607 0.229959
18390000 0.415762 0.248478
18420000 0.429466 0.232886
18450000 0.412454 0.231901
18480000 0.429973 0.239272
18510000 0.431089 0.240657
18540000 0.419724 0.242137
18570000 0.421128 0.233429
18600000 0.430271 0.227094
18630000 0.431104 0.247133
18660000 0.420685 0.228355
18690000 0.437438 0.240452
18720000 0.436917 0.260177
18750000 0.43616 0.240075
18780000 0.434047 0.253154
18810000 0.444478 0.245635
18840000 0.440525 0.253545
18870000 0.445977 0.247793
18900000 0.447362 0.250727
18930000 0.434012 0.244419
18960000 0.442764 0.2421
18990000 0.44859 0.251966
19020000 0.434795 0.242696
19050000 0.439127 0.240055
19080000 0.463025 0.258108
19110000 0.45245 0.230786
19140000 0.433764 0.249293
19170000 0.446781 0.262891
19200000 0.450079 0.258943
19230000 0.457227 0.255995
19260000 0.429866 0.242128
19290000 0.449832 0.233139
19320000 0.455618 0.241488
19350000 0.455606 0.257665
19380000 0.444222 0.239333
19410000 0.429221 0.234808
19440000 0.452768 0.24136
19470000 0.468017 0.245032
19500000 0.465784 0.239609
19530000 0.458644 0.242658
19560000 0.460367 0.235107
19590000 0.443209 0.230512
19620000 0.468832 0.238718
19650000 0.462291 0.248466
19680000 0.437856 0.22656
19710000 0.473169 0.249904
19740000 0.442097 0.230293
19770000 0.468883 0.246458
19800000 0.463264 0.232998
19830000 0.45852 0.245229
19860000 0.468209 0.240294
19890000 0.451091 0.24051
19920000 0.467502 0.258034
19950000 0.457588 0.230244
19980000 0.45286 0.244381
20010000 0.463098 0.249091
20040000 0.466935 0.242108
20070000 0.47031 0.246019
20100000 0.472164 0.242415
20130000 0.470327 0.263262
20160000 0.461451 0.260596
20190000 0.447694 0.240493
20220000 0.456663 0.247832
20250000 0.462397 0.244975
20280000 0.485551 0.257298
20310000 0.476397 0.252906
20340000 0.467434 0.246291
20370000 0.460033 0.243786
20400000 0.475496 0.266019
20430000 0.475364 0.253905
20460000 0.500377 0.264087
20490000 0.468233 0.243838
20520000 0.471804 0.251084
20550000 0.472127 0.244925
20580000 0.475251 0.2553
20610000 0.481978 0.24773
20640000 0.480628 0.253574
20670000 0.482295 0.259474
20700000 0.493738 0.25351
20730000 0.457615 0.249542
20760000 0.469339 0.244625
20790000 0.473046 0.259006
20820000 0.50682 0.274472
20850000 0.486195 0.256905
20880000 0.495105 0.272134
20910000 0.502712 0.280387
20940000 0.499169 0.262744
20970000 0.495861 0.273115
21000000 0.48716 0.254859
21030000 0.486354 0.277234
21060000 0.504453 0.281226
21090000 0.509823 0.273097
21120000 0.487162 0.26781
21150000 0.504704 0.264101
21180000 0.497818 0.28781
21210000 0.49374 0.27738
21240000 0.522527 0.281979
21270000 0.504805 0.260474
21300000 0.530677 0.29384
21330000 0.517433 0.295082
21360000 0.535326 0.273085
21390000 0.536103 0.289655
21420000 0.519098 0.284473
21450000 0.554244 0.312257
21480000 0.53522 0.299581
21510000 0.549689 0.288966
21540000 0.517789 0.267981
21570000 0.520993 0.263379
21600000 0.526526 0.28811
21630000 0.549737 0.306116
21660000 0.538361 0.283253
21690000 0.54756 0.305454
21720000 0.567809 0.29313
21750000 0.529473 0.285438
21780000 0.539186 0.277156
21810000 0.566495 0.305793
21840000 0.549562 0.274912
21870000 0.544534 0.307323
21900000 0.554142 0.282697
21930000 0.554418 0.288386
21960000 0.57365 0.292744
21990000 0.55253 0.283049
22020000 0.575305 0.286328
22050000 0.564693 0.302226
22080000 0.587972 0.299398
22110000 0.566741 0.292985
22140000 0.58104 0.29718
22170000 0.574622 0.289877
22200000 0.577205 0.308383
22230000 0.580979 0.300207
22260000 0.608953 0.313582
22290000 0.589882 0.297489
22320000 0.585788 0.285722
22350000 0.585464 0.300812
22380000 0.585297 0.294371
22410000 0.598793 0.312829
22440000 0.60727 0.321603
22470000 0.561391 0.3034
22500000 0.588487 0.303887
22530000 0.607379 0.307853
22560000 0.59928 0.302348
22590000 0.604377 0.294381
22620000 0.600724 0.312734
22650000 0.597323 0.306666
22680000 0.595638 0.298979
22710000 0.606856 0.306724
22740000 0.614595 0.305113
22770000 0.642202 0.300569
22800000 0.627263 0.303997
22830000 0.625657 0.341529
22860000 0.622679 0.314613
22890000 0.641948 0.329898
22920000 0.642192 0.321688
22950000 0.6211 0.303794
22980000 0.647548 0.333312
23010000 0.631967 0.315406
23040000 0.653024 0.340848
23070000 0.632465 0.311693
23100000 0.630982 0.32513
23130000 0.648358 0.315442
23160000 0.634158 0.302146
23190000 0.65482 0.33345
23220000 0.644003 0.31702
23250000 0.658018 0.348591
23280000 0.649319 0.313906
23310000 0.633197 0.316755
23340000 0.663558 0.315789
23370000 0.656929 0.323941
23400000 0.657111 0.334402
23430000 0.657119 0.303984
23460000 0.66038 0.338783
23490000 0.672474 0.321808
23520000 0.67472 0.332717
23550000 0.65366 0.333689
23580000 0.68203 0.353216
23610000 0.639183 0.324842
23640000 0.665253 0.316
23670000 0.625257 0.304806
23700000 0.670816 0.342929
23730000 0.643699 0.321203
23760000 0.686716 0.330984
23790000 0.679851 0.324777
23820000 0.698315 0.333877
23850000 0.667145 0.33159
23880000 0.69753 0.343113
23910000 0.701021 0.372394
23940000 0.702477 0.336588
23970000 0.704976 0.345003
24000000 0.69118 0.351552
24030000 0.68241 0.347755
24060000 0.69791 0.349469
24090000 0.738988 0.335881
24120000 0.707719 0.361034
24150000 0.705385 0.403189
24180000 0.722308 0.33147
24210000 0.739379 0.373712
24240000 0.715755 0.337302
24270000 0.710771 0.364091
24300000 0.731784 0.333298
24330000 0.729986 0.347323
24360000 0.736665 0.344899
24390000 0.752227 0.388842
24420000 0.767838 0.38756
24450000 0.735689 0.350686
24480000 0.734871 0.350594
24510000 0.753229 0.355112
24540000 0.778078 0.376637
24570000 0.756426 0.373117
24600000 0.773371 0.369472
24630000 0.784771 0.378387
24660000 0.783836 0.369974
24690000 0.780618 0.358488
24720000 0.765011 0.361616
24750000 0.770319 0.373507
24780000 0.795015 0.363854
24810000 0.835181 0.377717
24840000 0.786208 0.390711
24870000 0.861709 0.454041
24900000 0.799911 0.355227
24930000 0.801488 0.34049
24960000 0.786135 0.337259
24990000 0.804784 0.361232
25020000 0.816583 0.369527
25050000 0.829169 0.34749
25080000 0.810904 0.34298
25110000 0.853001 0.360601
25140000 0.806424 0.351846
25170000 0.814527 0.335039
25200000 0.86929 0.375163
25230000 0.861494 0.324515
25260000 0.807769 0.309769
25290000 0.832928 0.331739
25320000 0.81084 0.314947
25350000 0.838712 0.317243
25380000 0.8129 0.313483
25410000 0.87059 0.308771
25440000 0.849149 0.31205
25470000 0.854715 0.306475
25500000 0.858638 0.311605
25530000 0.844213 0.292526
25560000 0.835295 0.321032
25590000 0.863759 0.337004
25620000 0.847022 0.321585
25650000 0.854445 0.352146
25680000 0.852827 0.307152
25710000 0.855856 0.314619
25740000 0.816542 0.323156
25770000 0.906851 0.334545
25800000 0.905584 0.318613
25830000 0.865446 0.336836
25860000 0.878525 0.323112
25890000 0.890222 0.339931
25920000 0.89749 0.313589
25950000 0.891949 0.314169
25980000 0.883054 0.306274
26010000 0.896746 0.305831
26040000 0.901146 0.335299
26070000 0.884729 0.315013
26100000 0.922306 0.292887
26130000 0.943844 0.301568
26160000 0.976138 0.303193
26190000 0.934923 0.292006
26220000 0.959024 0.312643
26250000 0.964356 0.337152
26280000 0.916355 0.272187
26310000 0.941515 0.336388
26340000 0.970038 0.320177
26370000 0.953055 0.315719
26400000 0.951354 0.302744
26430000 0.983486 0.293492
26460000 0.982604 0.308313
26490000 0.963008 0.271278
26520000 0.969837 0.27391
26550000 0.996535 0.352334
26580000 0.971207 0.315666
26610000 0.957631 0.302508
26640000 0.985693 0.347593
26670000 0.981723 0.293465
26700000 0.994947 0.332001
26730000 1.00538 0.324105
26760000 1.05837 0.311735
26790000 1.04572 0.373899
26820000 1.00717 0.328377
26850000 1.00761 0.30089
26880000 1.04489 0.32786
26910000 1.06785 0.302788
26940000 1.01267 0.353737
26970000 1.03785 0.295279
27000000 1.06782 0.372794
27030000 1.03579 0.343649
27060000 1.10018 0.313999
27090000 1.0792 0.328581
27120000 1.02791 0.380057
27150000 1.09745 0.323842
27180000 1.12947 0.43018
27210000 1.05335 0.389191
27240000 1.09131 0.339055
27270000 1.09259 0.364022
27300000 1.08379 0.345407
27330000 1.05129 0.320937
27360000 1.07994 0.340223
27390000 1.08717 0.348528
27420000 1.14284 0.342713
27450000 1.10393 0.418438
27480000 1.06285 0.33678
27510000 1.12798 0.359605
27540000 1.10811 0.374607
27570000 1.09407 0.395526
27600000 1.13093 0.397213
27630000 1.11951 0.444417
27660000 1.10857 0.337464
27690000 1.13403 0.347761
27720000 1.17213 0.350457
27750000 1.14383 0.357127
27780000 1.15851 0.363852
27810000 1.20019 0.367562
27840000 1.14851 0.41619
27870000 1.21183 0.414747
27900000 1.20028 0.421196
27930000 1.17053 0.414453
27960000 1.19441 0.383716
27990000 1.24103 0.37933
28020000 1.24286 0.379682
28050000 1.25839 0.41671
28080000 1.26463 0.472147
28110000 1.23418 0.36181
28140000 1.19905 0.349806
28170000 1.25757 0.413282
28200000 1.21526 0.360979
28230000 1.22921 0.410221
28260000 1.23607 0.401121
28290000 1.18733 0.380643
28320000 1.21544 0.305389
28350000 1.29669 0.388007
28380000 1.32098 0.416861
28410000 1.2527 0.353928
28440000 1.22369 0.379035
28470000 1.21918 0.307053
28500000 1.26145 0.433049
28530000 1.26162 0.353962
28560000 1.30779 0.335705
28590000 1.23334 0.378801
28620000 1.37496 0.477179
28650000 1.31626 0.408955
28680000 1.30249 0.380027
28710000 1.27698 0.377749
28740000 1.3431 0.406639
28770000 1.29768 0.386838
28800000 1.30764 0.364085
28830000 1.32176 0.387543
28860000 1.35929 0.360997
28890000 1.43225 0.396548
28920000 1.41646 0.367952
28950000 1.42581 0.461822
28980000 1.49387 0.361755
29010000 1.47251 0.423123
29040000 1.43347 0.44551
29070000 1.47775 0.479976
29100000 1.48587 0.480483
29130000 1.44581 0.519029
29160000 1.53907 0.467395
29190000 1.55541 0.394391
29220000 1.6566 0.476125
29250000 1.63443 0.463551
29280000 1.60232 0.517454
29310000 1.68098 0.445887
29340000 1.72471 0.458102
29370000 1.76912 0.371907
29400000 1.80814 0.388157
29430000 1.84929 0.527576
29460000 1.74982 0.420623
29490000 1.9162 0.455899
29520000 1.87461 0.475095
29550000 1.90933 0.524517
29580000 1.83057 0.526959
29610000 1.98577 0.685613
29640000 2.07392 0.635834
29670000 2.21413 0.646279
29700000 2.05846 0.64647
29730000 2.3003 0.882932
29760000 2.35353 0.765154
29790000 2.32713 0.780804
29820000 2.48721 0.653616
29850000 2.51566 0.741847
29880000 2.60771 0.592856
29910000 2.76738 0.798989
29940000 2.90299 0.869398
29970000 3.40562 1.07998
30000000 3.14998 1.12986
30030000 3.77571 1.09263
30060000 4.01835 1.42836
30090000 4.09118 1.3259
30120000 4.21019 1.15869
30150000 4.65054 1.30965
30180000 5.19689 1.78317
30210000 5.77066 2.3084
30240000 6.64185 2.3328
30270000 8.37924 2.99159
30300000 9.17199 4.10532
30330000 12.1597 5.23247
30360000 17.3279 7.84515
30390000 26.9253 11.1921
30420000 41.1208 0
