0 720.538 185.623
30000 224.584 63.9213
60000 84.3822 30.4227
90000 50.8982 21.0269
120000 36.8265 16.9423
150000 28.8595 14.0955
180000 23.6708 11.8527
210000 20.305 10.5429
240000 17.9449 9.44424
270000 16.165 8.52634
300000 14.7347 8.19317
330000 13.5963 7.39085
360000 12.5325 6.57613
390000 11.7814 6.19987
420000 11.0409 6.00647
450000 10.4125 5.47245
480000 9.9523 5.48583
510000 9.52066 5.14625
540000 9.11932 4.83446
570000 8.75936 4.6546
600000 8.50003 4.62227
630000 8.23205 4.44921
660000 7.9726 4.29845
690000 7.75901 4.06015
720000 7.44178 3.9617
750000 7.24582 3.9177
780000 7.08937 3.72882
810000 6.8593 3.51218
840000 6.60688 3.41148
870000 6.44866 3.15946
900000 6.18619 3.1152
930000 6.0052 2.86303
960000 5.90358 2.84051
990000 5.7018 2.57146
1020000 5.61517 2.52126
1050000 5.44014 2.48416
1080000 5.33494 2.42108
1110000 5.2599 2.30114
1140000 5.08483 2.1263
1170000 4.99855 1.97158
1200000 4.89421 1.88193
1230000 4.83974 1.84969
1260000 4.75077 1.79636
1290000 4.66265 1.81467
1320000 4.60243 1.79568
1350000 4.54702 1.76387
1380000 4.48427 1.75647
1410000 4.42342 1.77257
1440000 4.36959 1.76103
1470000 4.25421 1.70758
1500000 4.18924 1.75785
1530000 4.17938 1.67865
1560000 4.08484 1.60927
1590000 4.06244 1.59224
1620000 3.98466 1.6101
1650000 3.87972 1.60358
1680000 3.80492 1.51633
1710000 3.77765 1.56322
1740000 3.6811 1.51267
1770000 3.66798 1.44336
1800000 3.63302 1.34703
1830000 3.5852 1.30162
1860000 3.51601 1.27087
1890000 3.49277 1.21789
1920000 3.44054 1.18374
1950000 3.39906 1.1929
1980000 3.3484 1.18854
2010000 3.30729 1.17354
2040000 3.24599 1.16345
2070000 3.20515 1.15966
2100000 3.1941 1.14168
2130000 3.16241 1.2087
2160000 3.12848 1.18258
2190000 3.10445 1.18266
2220000 3.07212 1.19886
2250000 2.99349 1.15281
2280000 2.96535 1.14841
2310000 2.98721 1.15056
2340000 2.93722 1.1922
2370000 2.89014 1.1675
2400000 2.83211 1.1481
2430000 2.81527 1.15444
2460000 2.81459 1.14632
2490000 2.76008 1.13037
2520000 2.73109 1.11547
2550000 2.67554 1.12142
2580000 2.68796 1.16571
2610000 2.6589 1.09552
2640000 2.64873 1.1268
2670000 2.60257 1.10259
2700000 2.57779 1.12628
2730000 2.56906 1.10971
2760000 2.53206 1.10045
2790000 2.5205 1.10814
2820000 2.43279 1.06735
2850000 2.43101 1.05168
2880000 2.40072 1.06802
2910000 2.39642 1.07876
2940000 2.39419 1.0891
2970000 2.35552 1.05849
3000000 2.30275 1.02305
3030000 2.28364 1.01749
3060000 2.30961 1.02032
3090000 2.2847 1.05828
3120000 2.24905 1.02435
3150000 2.2219 1.01261
3180000 2.23721 1.0365
3210000 2.19407 1.04095
3240000 2.18871 1.02807
3270000 2.18267 1.0138
3300000 2.14577 0.989245
3330000 2.17152 0.976471
3360000 2.11456 0.970673
3390000 2.16548 0.988034
3420000 2.11771 0.986791
3450000 2.0971 0.983982
3480000 2.09779 0.962555
3510000 2.05608 0.959419
3540000 2.07436 0.996712
3570000 2.08477 0.957165
3600000 2.02797 0.970562
3630000 1.99654 0.929403
3660000 2.01375 0.953767
3690000 2.00453 0.940289
3720000 1.98815 0.920402
3750000 1.96437 0.913619
3780000 1.95621 0.896129
3810000 1.95323 0.888523
3840000 1.91197 0.877893
3870000 1.89677 0.872168
3900000 1.92254 0.906744
3930000 1.92892 0.932002
3960000 1.91117 0.890894
3990000 1.88243 0.897054
4020000 1.88086 0.931658
4050000 1.84241 0.886354
4080000 1.8269 0.922751
4110000 1.8442 0.945657
4140000 1.82977 1.14121
4170000 1.85962 1.31844
4200000 1.84134 1.07842
4230000 1.7916 0.934448
4260000 1.75121 0.872959
4290000 1.72473 0.799763
4320000 1.72463 0.852909
4350000 1.71098 0.833344
4380000 1.68367 0.817692
4410000 1.6951 0.834278
4440000 1.67402 0.789665
4470000 1.65949 0.797791
4500000 1.65166 0.804842
4530000 1.62191 0.794855
4560000 1.59653 0.781782
4590000 1.6396 0.811689
4620000 1.60144 0.78784
4650000 1.61324 0.781638
4680000 1.58254 0.783594
4710000 1.59855 0.797905
4740000 1.56661 0.763348
4770000 1.55056 0.764644
4800000 1.53695 0.736906
4830000 1.56701 0.73765
4860000 1.5324 0.750682
4890000 1.51442 0.732453
4920000 1.51217 0.716869
4950000 1.51226 0.726833
4980000 1.4832 0.695983
5010000 1.51995 0.717519
5040000 1.48672 0.741625
5070000 1.48747 0.728096
5100000 1.46924 0.732886
5130000 1.43369 0.700478
5160000 1.43443 0.687798
5190000 1.44413 0.710856
5220000 1.4336 0.687349
5250000 1.44883 0.725675
5280000 1.41538 0.687261
5310000 1.41009 0.689307
5340000 1.38771 0.685528
5370000 1.40869 0.683499
5400000 1.379 0.691587
5430000 1.37542 0.694109
5460000 1.38075 0.691428
5490000 1.35679 0.670825
5520000 1.35451 0.686597
5550000 1.3624 0.663601
5580000 1.3246 0.674719
5610000 1.31001 0.648989
5640000 1.30627 0.65255
5670000 1.25692 0.64572
5700000 1.2818 0.674144
5730000 1.25286 0.647599
5760000 1.30022 0.65764
5790000 1.28058 0.663219
5820000 1.27363 0.667864
5850000 1.27086 0.643719
5880000 1.26176 0.641542
5910000 1.25378 0.6497
5940000 1.26955 0.665355
5970000 1.23181 0.643432
6000000 1.21138 0.641422
6030000 1.21957 0.636276
6060000 1.22527 0.632801
6090000 1.22253 0.632561
6120000 1.19063 0.603571
6150000 1.19917 0.623758
6180000 1.14183 0.59989
6210000 1.14683 0.597988
6240000 1.13899 0.590868
6270000 1.17858 0.620165
6300000 1.16522 0.612825
6330000 1.13816 0.589284
6360000 1.15731 0.622313
6390000 1.14305 0.608096
6420000 1.08826 0.592005
6450000 1.13063 0.584281
6480000 1.13594 0.613726
6510000 1.10953 0.555364
6540000 1.097 0.596919
6570000 1.10553 0.605232
6600000 1.08252 0.579474
6630000 1.0944 0.58273
6660000 1.10814 0.583125
6690000 1.09587 0.576841
6720000 1.07831 0.576783
6750000 1.04097 0.563741
6780000 1.05048 0.54382
6810000 1.06658 0.578067
6840000 1.04057 0.547476
6870000 1.03956 0.526944
6900000 1.04797 0.553959
6930000 1.04057 0.541642
6960000 1.02622 0.559205
6990000 1.02597 0.538034
7020000 1.00664 0.522537
7050000 1.02107 0.553597
7080000 0.995863 0.523754
7110000 0.991682 0.518872
7140000 0.97777 0.511559
7170000 0.974443 0.510029
7200000 0.948254 0.524363
7230000 0.990041 0.544162
7260000 0.982281 0.543088
7290000 1.00003 0.507484
7320000 0.983333 0.504347
7350000 0.960074 0.508339
7380000 0.951226 0.480355
7410000 0.954079 0.52282
7440000 0.956283 0.509452
7470000 0.944435 0.480752
7500000 0.939564 0.491485
7530000 0.91302 0.469036
7560000 0.912151 0.495628
7590000 0.920765 0.476211
7620000 0.923663 0.488226
7650000 0.949854 0.477653
7680000 0.928293 0.474006
7710000 0.917092 0.495499
7740000 0.899305 0.495053
7770000 0.87614 0.443049
7800000 0.885993 0.474325
7830000 0.913484 0.490708
7860000 0.870786 0.433587
7890000 0.863777 0.456158
7920000 0.870408 0.462007
7950000 0.868881 0.457844
7980000 0.878082 0.451477
8010000 0.856671 0.458995
8040000 0.870288 0.461161
8070000 0.844274 0.460933
8100000 0.847943 0.452586
8130000 0.836246 0.44741
8160000 0.824343 0.458636
8190000 0.842798 0.432894
8220000 0.816765 0.449837
8250000 0.820529 0.444846
8280000 0.812762 0.45184
8310000 0.810902 0.446939
8340000 0.802202 0.430607
8370000 0.848375 0.459604
8400000 0.826647 0.450853
8430000 0.815972 0.442277
8460000 0.792489 0.440582
8490000 0.796172 0.415117
8520000 0.796019 0.419467
8550000 0.781885 0.427515
8580000 0.806395 0.443647
8610000 0.797237 0.445093
8640000 0.802063 0.434192
8670000 0.789856 0.440506
8700000 0.768451 0.436837
8730000 0.789971 0.463507
8760000 0.771478 0.42637
8790000 0.777204 0.45064
8820000 0.761301 0.421375
8850000 0.737312 0.417515
8880000 0.758567 0.425483
8910000 0.73442 0.432602
8940000 0.750186 0.434512
8970000 0.740717 0.41139
9000000 0.724392 0.399642
9030000 0.736304 0.432553
9060000 0.719513 0.404969
9090000 0.71239 0.408792
9120000 0.713927 0.386892
9150000 0.704651 0.406017
9180000 0.688565 0.388828
9210000 0.69286 0.394281
9240000 0.70886 0.39109
9270000 0.727696 0.398736
9300000 0.703329 0.3919
9330000 0.701968 0.385393
9360000 0.720219 0.413605
9390000 0.706818 0.372775
9420000 0.688916 0.380027
9450000 0.665867 0.387244
9480000 0.668894 0.385635
9510000 0.678056 0.383082
9540000 0.684693 0.429781
9570000 0.681284 0.390623
9600000 0.674727 0.384436
9630000 0.668872 0.383429
9660000 0.661868 0.385776
9690000 0.69838 0.405998
9720000 0.649632 0.373123
9750000 0.647387 0.385092
9780000 0.649116 0.368487
9810000 0.670598 0.393793
9840000 0.643628 0.368685
9870000 0.642206 0.374617
9900000 0.623607 0.373581
9930000 0.637637 0.373639
9960000 0.624003 0.385582
9990000 0.606959 0.369698
10020000 0.621854 0.353287
10050000 0.60636 0.357925
10080000 0.597027 0.332787
10110000 0.604585 0.327684
10140000 0.595731 0.353352
10170000 0.589885 0.336926
10200000 0.607215 0.343994
10230000 0.578764 0.325704
10260000 0.577604 0.330008
10290000 0.577253 0.333302
10320000 0.600296 0.337791
10350000 0.583714 0.348132
10380000 0.567271 0.318223
10410000 0.585843 0.342565
10440000 0.559589 0.320318
10470000 0.563506 0.329841
10500000 0.554318 0.327829
10530000 0.570518 0.332175
10560000 0.577827 0.341904
10590000 0.556425 0.326547
10620000 0.55433 0.307667
10650000 0.555482 0.306472
10680000 0.552176 0.303938
10710000 0.5291 0.29135
10740000 0.532998 0.303883
10770000 0.536578 0.328367
10800000 0.532868 0.304534
10830000 0.539337 0.33938
10860000 0.546191 0.306909
10890000 0.525346 0.2977
10920000 0.533395 0.312939
10950000 0.523859 0.291727
10980000 0.518512 0.306007
11010000 0.519762 0.296162
11040000 0.499397 0.301608
11070000 0.499437 0.286928
11100000 0.496278 0.298376
11130000 0.498932 0.31386
11160000 0.495762 0.288097
11190000 0.482936 0.274805
11220000 0.492037 0.286629
11250000 0.467854 0.259251
11280000 0.480354 0.271238
11310000 0.478501 0.281421
11340000 0.469897 0.264706
11370000 0.485349 0.276787
11400000 0.449301 0.268172
11430000 0.45217 0.277762
11460000 0.442885 0.236024
11490000 0.450245 0.277425
11520000 0.473138 0.265557
11550000 0.437491 0.245666
11580000 0.465337 0.270116
11610000 0.473287 0.289847
11640000 0.461864 0.27997
11670000 0.456176 0.271073
11700000 0.446262 0.264158
11730000 0.445224 0.274146
11760000 0.453115 0.285875
11790000 0.439852 0.264458
11820000 0.448097 0.277976
11850000 0.436701 0.256562
11880000 0.427462 0.285257
11910000 0.435695 0.244936
11940000 0.422852 0.244216
11970000 0.430569 0.258049
12000000 0.443342 0.27122
12030000 0.438918 0.2707
12060000 0.408713 0.22019
12090000 0.387398 0.231379
12120000 0.397138 0.264337
12150000 0.401749 0.258813
12180000 0.393078 0.243343
12210000 0.412241 0.242675
12240000 0.39789 0.255234
12270000 0.401074 0.235382
12300000 0.376305 0.214198
12330000 0.396378 0.259754
12360000 0.416889 0.279532
12390000 0.383379 0.243655
12420000 0.40214 0.251549
12450000 0.400555 0.255385
12480000 0.372259 0.252405
12510000 0.390517 0.263622
12540000 0.390557 0.231218
12570000 0.385709 0.258535
12600000 0.386123 0.239162
12630000 0.378521 0.246797
12660000 0.373962 0.257923
12690000 0.388479 0.270867
12720000 0.359534 0.24583
12750000 0.372871 0.245828
12780000 0.392966 0.273465
12810000 0.396556 0.272368
12840000 0.380379 0.250823
12870000 0.395036 0.268656
12900000 0.382244 0.264189
12930000 0.385944 0.270408
12960000 0.367478 0.243373
12990000 0.367014 0.249188
13020000 0.360282 0.249219
13050000 0.370943 0.25933
13080000 0.3631 0.241061
13110000 0.370791 0.258627
13140000 0.362105 0.238429
13170000 0.372906 0.265031
13200000 0.366367 0.255293
13230000 0.36867 0.270628
13260000 0.362881 0.241034
13290000 0.350715 0.252375
13320000 0.395828 0.269467
13350000 0.395942 0.262915
13380000 0.368253 0.244226
13410000 0.356998 0.262927
13440000 0.348387 0.240507
13470000 0.354617 0.256859
13500000 0.349435 0.240377
13530000 0.350642 0.227672
13560000 0.35389 0.261727
13590000 0.362198 0.286893
13620000 0.353809 0.238005
13650000 0.356137 0.26024
13680000 0.371947 0.274592
13710000 0.36265 0.265692
13740000 0.360532 0.264988
13770000 0.363988 0.27381
13800000 0.353504 0.254623
13830000 0.386242 0.281036
13860000 0.375307 0.267893
13890000 0.366392 0.298149
13920000 0.389354 0.284353
13950000 0.374091 0.242385
13980000 0.365093 0.272553
14010000 0.367839 0.268952
14040000 0.365078 0.266406
14070000 0.373027 0.279838
14100000 0.350093 0.247321
14130000 0.368339 0.248733
14160000 0.350384 0.282851
14190000 0.345113 0.255747
14220000 0.382113 0.260897
14250000 0.378922 0.244975
14280000 0.371056 0.26467
14310000 0.340769 0.226794
14340000 0.351711 0.24652
14370000 0.365 0.276626
14400000 0.362835 0.301193
14430000 0.380585 0.261705
14460000 0.358062 0.248415
14490000 0.359514 0.274096
14520000 0.344799 0.256255
14550000 0.378569 0.279393
14580000 0.391309 0.284405
14610000 0.35859 0.263577
14640000 0.360891 0.259018
14670000 0.3938 0.267426
14700000 0.378545 0.297364
14730000 0.393051 0.308082
14760000 0.36795 0.293408
14790000 0.357013 0.27255
14820000 0.355395 0.27722
14850000 0.382302 0.299839
14880000 0.377126 0.296116
14910000 0.36234 0.278549
14940000 0.378879 0.300992
14970000 0.381588 0.279286
15000000 0.35528 0.264179
15030000 0.350435 0.284736
15060000 0.367371 0.277426
15090000 0.37799 0.317271
15120000 0.348718 0.2626
15150000 0.367096 0.252646
15180000 0.356442 0.253845
15210000 0.36906 0.253829
15240000 0.376657 0.287358
15270000 0.374512 0.315392
15300000 0.376533 0.271716
15330000 0.342211 0.263127
15360000 0.402549 0.297553
15390000 0.358569 0.292368
15420000 0.377226 0.30722
15450000 0.353499 0.283931
15480000 0.341286 0.240902
15510000 0.389435 0.290983
15540000 0.385179 0.291188
15570000 0.377889 0.300334
15600000 0.374681 0.29854
15630000 0.374937 0.305324
15660000 0.364576 0.294805
15690000 0.363558 0.331543
15720000 0.377718 0.296651
15750000 0.373312 0.276029
15780000 0.380847 0.30554
15810000 0.366472 0.286352
15840000 0.388293 0.282602
15870000 0.35499 0.277929
15900000 0.337518 0.268127
15930000 0.354029 0.264129
15960000 0.361877 0.276101
15990000 0.360909 0.303343
16020000 0.353312 0.267133
16050000 0.382765 0.310057
16080000 0.390176 0.328702
16110000 0.354845 0.286144
16140000 0.334745 0.261663
16170000 0.376517 0.267671
16200000 0.380684 0.323337
16230000 0.367607 0.296938
16260000 0.388119 0.30216
16290000 0.37541 0.303813
16320000 0.378281 0.276042
16350000 0.374808 0.297315
16380000 0.401986 0.32061
16410000 0.374837 0.301629
16440000 0.387193 0.31271
16470000 0.366084 0.282414
16500000 0.358446 0.275423
16530000 0.374516 0.295046
16560000 0.366563 0.278291
16590000 0.392228 0.307073
16620000 0.379138 0.290635
16650000 0.377862 0.302355
16680000 0.362241 0.265462
16710000 0.411599 0.298422
16740000 0.408181 0.283408
16770000 0.368585 0.269742
16800000 0.383255 0.299363
16830000 0.400992 0.298056
16860000 0.379904 0.312681
16890000 0.383317 0.310352
16920000 0.391566 0.304295
16950000 0.407422 0.330551
16980000 0.380691 0.295192
17010000 0.399735 0.28801
17040000 0.386196 0.318169
17070000 0.43063 0.30523
17100000 0.395672 0.310162
17130000 0.397495 0.315036
17160000 0.414954 0.280143
17190000 0.377039 0.299073
17220000 0.426383 0.326207
17250000 0.421459 0.326959
17280000 0.425748 0.347859
17310000 0.384633 0.313407
17340000 0.401749 0.362659
17370000 0.441944 0.34201
17400000 0.402315 0.328792
17430000 0.394555 0.318957
17460000 0.386584 0.328691
17490000 0.439626 0.296619
17520000 0.401908 0.289139
17550000 0.456783 0.341017
17580000 0.39028 0.267135
17610000 0.394033 0.268113
17640000 0.428529 0.287155
17670000 0.391249 0.283524
17700000 0.402282 0.313611
17730000 0.413635 0.320172
17760000 0.435413 0.282209
17790000 0.45604 0.331799
17820000 0.440522 0.349269
17850000 0.476337 0.376368
17880000 0.435006 0.337526
17910000 0.510557 0.375047
17940000 0.389205 0.296237
17970000 0.479198 0.346333
18000000 0.414536 0.307798
18030000 0.445323 0.321688
18060000 0.451549 0.370027
18090000 0.454993 0.328056
18120000 0.470651 0.33676
18150000 0.466738 0.328326
18180000 0.424535 0.283333
18210000 0.437477 0.335054
18240000 0.497846 0.382193
18270000 0.459535 0.318872
18300000 0.510524 0.350527
18330000 0.465741 0.380596
18360000 0.427992 0.307154
18390000 0.461709 0.294445
18420000 0.489069 0.341602
18450000 0.5001 0.31981
18480000 0.529956 0.331991
18510000 0.534515 0.31789
18540000 0.556225 0.393562
18570000 0.515681 0.307314
18600000 0.511843 0.295527
18630000 0.481898 0.298904
18660000 0.549976 0.349706
18690000 0.625872 0.386007
18720000 0.540331 0.397167
18750000 0.615215 0.373397
18780000 0.505117 0.327847
18810000 0.615146 0.437883
18840000 0.604091 0.364169
18870000 0.532589 0.404427
18900000 0.520558 0.346877
18930000 0.56687 0.404616
18960000 0.541684 0.365183
18990000 0.580087 0.418611
19020000 0.60961 0.355262
19050000 0.529738 0.36511
19080000 0.655827 0.390062
19110000 0.670203 0.413013
19140000 0.710708 0.425727
19170000 0.761058 0.403662
19200000 0.682235 0.380198
19230000 0.734786 0.37682
19260000 0.845751 0.389223
19290000 0.68956 0.352377
19320000 0.798722 0.399057
19350000 0.982732 0.477521
19380000 0.86127 0.538932
19410000 0.969983 0.561035
19440000 1.04243 0.563922
19470000 1.03216 0.712585
19500000 1.07216 0.721157
19530000 1.1018 0.849488
19560000 0.8865 0.648855
19590000 0.822784 0.655872
19620000 0.567764 0.470119
19650000 0.266576 0.210423
19680000 0.0939068 0
