0 727.332 182.491
Inter 0.266602 0.294845
30000 218.844 56.0327
60000 79.402 27.061
90000 47.8823 19.1547
120000 34.7248 15.4283
150000 27.453 12.9856
180000 22.7748 11.1382
210000 19.6334 10.0261
240000 17.4154 9.13819
270000 15.7353 8.38812
300000 14.3626 7.79505
330000 13.3229 7.24329
360000 12.3581 6.75407
390000 11.6262 6.4201
420000 10.9983 6.23536
450000 10.4204 5.91409
480000 9.91499 5.6009
510000 9.48431 5.24669
540000 9.0762 4.95793
570000 8.70775 4.84186
600000 8.34621 4.60277
630000 8.06884 4.36916
660000 7.79044 4.15504
690000 7.52495 3.91294
720000 7.27378 3.66808
750000 7.07729 3.53319
780000 6.90883 3.37738
810000 6.71312 3.29161
840000 6.53934 3.19371
870000 6.37613 3.05199
900000 6.22183 2.88139
930000 6.09647 2.78113
960000 5.95144 2.66046
990000 5.81314 2.53813
1020000 5.71224 2.4413
1050000 5.59681 2.42431
1080000 5.47921 2.42746
1110000 5.4014 2.641
1140000 5.38309 5.24838
1170000 5.24154 3.8966
1200000 5.10535 2.42203
1230000 5.01559 2.13571
1260000 4.90013 2.02053
1290000 4.81168 1.93638
1320000 4.74952 1.86769
1350000 4.67165 1.79328
1380000 4.60672 1.80189
1410000 4.52894 1.73078
1440000 4.46476 1.71425
1470000 4.3922 1.67546
1500000 4.3399 1.67508
1530000 4.28427 1.66443
1560000 4.22224 1.6129
1590000 4.15854 1.59355
1620000 4.13091 1.5965
1650000 4.03896 1.59371
1680000 3.97902 1.56592
1710000 3.93958 1.53002
1740000 3.89303 1.52444
1770000 3.81157 1.48637
1800000 3.75842 1.46318
1830000 3.72303 1.46192
1860000 3.66928 1.43779
1890000 3.65074 1.4211
1920000 3.59454 1.41009
1950000 3.54832 1.39226
1980000 3.51532 1.38549
2010000 3.47539 1.36481
2040000 3.41641 1.35543
2070000 3.37508 1.32633
2100000 3.34505 1.32752
2130000 3.33632 1.35434
2160000 3.28833 1.33886
2190000 3.24433 1.30439
2220000 3.20692 1.30189
2250000 3.16437 1.27779
2280000 3.13782 1.29025
2310000 3.12036 1.27346
2340000 3.08734 1.268
2370000 3.04384 1.26686
2400000 3.01873 1.25723
2430000 2.98254 1.24581
2460000 2.93986 1.23782
2490000 2.90784 1.21933
2520000 2.87192 1.21113
2550000 2.8331 1.19686
2580000 2.82239 1.20678
2610000 2.78111 1.1961
2640000 2.76858 1.20764
2670000 2.73963 1.18651
2700000 2.70818 1.20021
2730000 2.7046 1.20213
2760000 2.65742 1.19001
2790000 2.65248 1.18616
2820000 2.61305 1.15991
2850000 2.58449 1.17096
2880000 2.56219 1.1954
2910000 2.52121 1.16297
2940000 2.51592 1.16519
2970000 2.47413 1.15729
3000000 2.44528 1.14743
3030000 2.42312 1.12709
3060000 2.41103 1.11521
3090000 2.37363 1.11853
3120000 2.3748 1.11668
3150000 2.33203 1.09554
3180000 2.31434 1.09074
3210000 2.29777 1.09501
3240000 2.28309 1.0984
3270000 2.25665 1.08111
3300000 2.2308 1.06836
3330000 2.23547 1.0753
3360000 2.19672 1.05552
3390000 2.18362 1.05913
3420000 2.15595 1.0556
3450000 2.15008 1.07684
3480000 2.1226 1.04271
3510000 2.10484 1.03641
3540000 2.08093 1.0284
3570000 2.06696 1.0164
3600000 2.04514 1.01262
3630000 2.04674 1.03442
3660000 2.00917 1.01744
3690000 2.00145 1.01376
3720000 1.98365 0.99176
3750000 1.96916 0.990873
3780000 1.95969 0.99046
3810000 1.94005 0.980273
3840000 1.91291 0.969737
3870000 1.89634 0.974111
3900000 1.90229 0.972896
3930000 1.89391 0.979873
3960000 1.86805 0.96252
3990000 1.8431 0.956171
4020000 1.8317 0.947916
4050000 1.81779 0.952419
4080000 1.80393 0.946158
4110000 1.79715 0.953689
4140000 1.77058 0.982537
4170000 1.77118 1.01624
4200000 1.75584 0.969716
4230000 1.73774 0.953825
4260000 1.71919 0.956311
4290000 1.70893 0.957494
4320000 1.71288 1.07415
4350000 1.70946 1.67647
4380000 1.68382 1.19462
4410000 1.67552 1.20403
4440000 1.69792 2.36865
4470000 1.66458 1.21876
4500000 1.64168 0.997866
4530000 1.61879 1.16652
4560000 1.5994 1.00288
4590000 1.59527 0.898736
4620000 1.57018 0.877095
4650000 1.56853 0.865483
4680000 1.53672 0.838687
4710000 1.54961 0.850408
4740000 1.52413 0.830353
4770000 1.50952 0.832456
4800000 1.48347 0.815641
4830000 1.49109 0.805859
4860000 1.48334 0.811336
4890000 1.46438 0.80213
4920000 1.45811 0.794682
4950000 1.45209 0.795975
4980000 1.43191 0.772459
5010000 1.43086 0.780944
5040000 1.41235 0.772508
5070000 1.4116 0.787657
5100000 1.39142 0.771072
5130000 1.38736 0.771125
5160000 1.37597 0.761985
5190000 1.35521 0.766259
5220000 1.36933 0.75305
5250000 1.36751 0.768965
5280000 1.35857 0.760239
5310000 1.34377 0.759222
5340000 1.32021 0.740707
5370000 1.33062 0.753291
5400000 1.30816 0.753854
5430000 1.31134 0.750784
5460000 1.30902 0.795363
5490000 1.29722 0.947708
5520000 1.30423 1.25049
5550000 1.29985 1.36125
5580000 1.25886 0.915174
5610000 1.24126 0.740235
5640000 1.23882 0.725667
5670000 1.23016 0.720681
5700000 1.22159 0.719792
5730000 1.2235 0.728908
5760000 1.20384 0.765379
5790000 1.23189 1.42945
5820000 1.2244 1.25335
5850000 1.22646 1.82647
5880000 1.19096 1.07185
5910000 1.17704 0.826721
5940000 1.1614 0.74158
5970000 1.14001 0.683043
6000000 1.13446 0.665105
6030000 1.1322 0.661012
6060000 1.12477 0.660721
6090000 1.11499 0.6514
6120000 1.10233 0.635653
6150000 1.08837 0.62616
6180000 1.07322 0.628666
6210000 1.05437 0.610222
6240000 1.05412 0.609899
6270000 1.05001 0.605867
6300000 1.05722 0.60669
6330000 1.04535 0.607747
6360000 1.0391 0.60347
6390000 1.02447 0.597806
6420000 1.0113 0.580684
6450000 1.01024 0.598795
6480000 1.01406 0.593226
6510000 1.00711 0.581273
6540000 0.988319 0.57637
6570000 0.994989 0.58296
6600000 0.97691 0.576014
6630000 0.977375 0.569255
6660000 0.977916 0.563455
6690000 0.965596 0.559782
6720000 0.951571 0.551078
6750000 0.93534 0.548174
6780000 0.934969 0.545661
6810000 0.931952 0.543635
6840000 0.913422 0.529212
6870000 0.91751 0.53645
6900000 0.911533 0.531478
6930000 0.896646 0.533485
6960000 0.893649 0.526492
6990000 0.896979 0.525572
7020000 0.887313 0.526582
7050000 0.884711 0.533677
7080000 0.877913 0.526153
7110000 0.881074 0.530055
7140000 0.857697 0.512929
7170000 0.846302 0.513749
7200000 0.846474 0.507618
7230000 0.837986 0.506758
7260000 0.830518 0.508181
7290000 0.840368 0.507375
7320000 0.832162 0.501819
7350000 0.821429 0.499643
7380000 0.817328 0.486141
7410000 0.815233 0.495056
7440000 0.816423 0.492674
7470000 0.807925 0.493793
7500000 0.806431 0.485173
7530000 0.787157 0.47
7560000 0.788928 0.482582
7590000 0.789445 0.481125
7620000 0.784023 0.476575
7650000 0.782019 0.469691
7680000 0.779822 0.471685
7710000 0.768788 0.468514
7740000 0.770171 0.465981
7770000 0.759774 0.450472
7800000 0.749113 0.449738
7830000 0.749289 0.453519
7860000 0.741961 0.4444
7890000 0.74962 0.454031
7920000 0.741784 0.454503
7950000 0.72885 0.440447
7980000 0.734758 0.438047
8010000 0.726492 0.445781
8040000 0.721315 0.436448
8070000 0.716459 0.437761
8100000 0.719345 0.44252
8130000 0.708533 0.433258
8160000 0.705151 0.441497
8190000 0.708628 0.434334
8220000 0.701298 0.436772
8250000 0.697581 0.432867
8280000 0.686795 0.427467
8310000 0.689507 0.434684
8340000 0.687864 0.430687
8370000 0.691279 0.434455
8400000 0.67814 0.423525
8430000 0.67776 0.422472
8460000 0.665704 0.41706
8490000 0.659062 0.409806
8520000 0.654233 0.40523
8550000 0.655489 0.415501
8580000 0.64811 0.416269
8610000 0.65004 0.41694
8640000 0.651112 0.407731
8670000 0.645061 0.409406
8700000 0.645038 0.416171
8730000 0.646165 0.411074
8760000 0.634726 0.408553
8790000 0.631101 0.405553
8820000 0.626632 0.389959
8850000 0.631054 0.391517
8880000 0.630378 0.396587
8910000 0.620001 0.395207
8940000 0.617821 0.390563
8970000 0.619159 0.39373
9000000 0.611251 0.383046
9030000 0.607102 0.382444
9060000 0.611216 0.383272
9090000 0.604331 0.379296
9120000 0.59138 0.365987
9150000 0.595178 0.373501
9180000 0.590329 0.36609
9210000 0.586339 0.362966
9240000 0.590983 0.37238
9270000 0.592809 0.370653
9300000 0.578326 0.362858
9330000 0.587478 0.358567
9360000 0.581962 0.368311
9390000 0.580904 0.360799
9420000 0.567572 0.352649
9450000 0.557627 0.348243
9480000 0.553673 0.345422
9510000 0.564039 0.351439
9540000 0.559332 0.354362
9570000 0.548992 0.356456
9600000 0.547761 0.342377
9630000 0.54495 0.368805
9660000 0.550243 0.350383
9690000 0.548206 0.352202
9720000 0.541077 0.33906
9750000 0.535105 0.34826
9780000 0.529609 0.332157
9810000 0.533853 0.34516
9840000 0.528252 0.336405
9870000 0.525025 0.330739
9900000 0.523437 0.329019
9930000 0.520817 0.330901
9960000 0.513569 0.33046
9990000 0.512438 0.322022
10020000 0.507805 0.322083
10050000 0.506654 0.323518
10080000 0.492563 0.316226
10110000 0.49792 0.319149
10140000 0.493324 0.333156
10170000 0.500893 0.313967
10200000 0.497401 0.312636
10230000 0.494239 0.308327
10260000 0.482402 0.304908
10290000 0.480453 0.304367
10320000 0.488015 0.309303
10350000 0.483965 0.303495
10380000 0.479932 0.306931
10410000 0.48314 0.305274
10440000 0.477209 0.303101
10470000 0.473456 0.297347
10500000 0.470858 0.306328
10530000 0.475241 0.302187
10560000 0.471383 0.295682
10590000 0.457167 0.29893
10620000 0.465248 0.285229
10650000 0.455313 0.29021
10680000 0.456867 0.294379
10710000 0.453999 0.29675
10740000 0.44924 0.289094
10770000 0.456248 0.325622
10800000 0.451446 0.291946
10830000 0.451874 0.29553
10860000 0.44677 0.292032
10890000 0.450473 0.288592
10920000 0.450121 0.287579
10950000 0.448792 0.285314
10980000 0.444412 0.283381
11010000 0.447261 0.294259
11040000 0.445397 0.284803
11070000 0.437835 0.281354
11100000 0.443132 0.278819
11130000 0.442252 0.287692
11160000 0.438943 0.278859
11190000 0.438816 0.282025
11220000 0.431222 0.278502
11250000 0.440484 0.28418
11280000 0.433596 0.274516
11310000 0.432627 0.27462
11340000 0.430136 0.27592
11370000 0.433409 0.27527
11400000 0.429223 0.270351
11430000 0.422599 0.271616
11460000 0.424489 0.268053
11490000 0.426167 0.282467
11520000 0.429037 0.282038
11550000 0.425141 0.274508
11580000 0.425244 0.270923
11610000 0.422288 0.266759
11640000 0.420626 0.270707
11670000 0.423405 0.270461
11700000 0.418427 0.26788
11730000 0.42016 0.27278
11760000 0.429683 0.274244
11790000 0.418845 0.271578
11820000 0.41416 0.272839
11850000 0.414152 0.269122
11880000 0.418076 0.271793
11910000 0.413012 0.270254
11940000 0.409265 0.272094
11970000 0.416511 0.268162
12000000 0.419463 0.273961
12030000 0.415518 0.269693
12060000 0.411042 0.268436
12090000 0.404835 0.261012
12120000 0.397648 0.270725
12150000 0.408596 0.27221
12180000 0.407798 0.27338
12210000 0.414564 0.267146
12240000 0.400858 0.267245
12270000 0.406803 0.269536
12300000 0.402729 0.26424
12330000 0.401018 0.272558
12360000 0.406811 0.281989
12390000 0.407405 0.278084
12420000 0.411229 0.273744
12450000 0.404254 0.273778
12480000 0.412118 0.279845
12510000 0.402305 0.27439
12540000 0.403977 0.271687
12570000 0.402145 0.279466
12600000 0.404394 0.276469
12630000 0.395864 0.268956
12660000 0.40002 0.275865
12690000 0.407582 0.269513
12720000 0.408169 0.279488
12750000 0.408143 0.278526
12780000 0.416281 0.290389
12810000 0.415475 0.285063
12840000 0.407874 0.282116
12870000 0.414685 0.290259
12900000 0.415342 0.282351
12930000 0.410606 0.275748
12960000 0.403423 0.279193
12990000 0.401664 0.278836
13020000 0.409378 0.285883
13050000 0.40399 0.286425
13080000 0.405199 0.28668
13110000 0.403088 0.28369
13140000 0.395319 0.281108
13170000 0.407944 0.286875
13200000 0.404054 0.290364
13230000 0.406452 0.285689
13260000 0.404693 0.281717
13290000 0.400101 0.279589
13320000 0.410148 0.285587
13350000 0.409758 0.287226
13380000 0.405309 0.290993
13410000 0.410661 0.29818
13440000 0.408885 0.286471
13470000 0.407617 0.289445
13500000 0.40896 0.286853
13530000 0.413114 0.304403
13560000 0.411005 0.331621
13590000 0.420135 0.47597
13620000 0.42551 0.566716
13650000 0.419139 0.315828
13680000 0.41615 0.294797
13710000 0.409051 0.29354
13740000 0.419779 0.29051
13770000 0.417133 0.295767
13800000 0.412078 0.292394
13830000 0.412078 0.290046
13860000 0.41465 0.286361
13890000 0.410964 0.29612
13920000 0.419169 0.290733
13950000 0.416485 0.326321
13980000 0.413091 0.289799
14010000 0.421395 0.296653
14040000 0.411858 0.280789
14070000 0.417418 0.281598
14100000 0.409553 0.287274
14130000 0.42206 0.286635
14160000 0.420048 0.28941
14190000 0.408925 0.285657
14220000 0.416044 0.277937
14250000 0.425165 0.291368
14280000 0.420135 0.297569
14310000 0.424424 0.290063
14340000 0.424041 0.29071
14370000 0.431608 0.295721
14400000 0.431009 0.301046
14430000 0.422615 0.291944
14460000 0.422117 0.291543
14490000 0.425903 0.288565
14520000 0.426258 0.296272
14550000 0.437826 0.301552
14580000 0.429712 0.298941
14610000 0.43488 0.296633
14640000 0.437903 0.303412
14670000 0.440266 0.310159
14700000 0.448674 0.368852
14730000 0.462488 0.468023
14760000 0.462066 0.797321
14790000 0.446607 0.349758
14820000 0.43568 0.311081
14850000 0.438874 0.303415
14880000 0.441676 0.311996
14910000 0.442967 0.303143
14940000 0.448994 0.302097
14970000 0.445136 0.30364
15000000 0.453385 0.310099
15030000 0.456217 0.304662
15060000 0.455795 0.30854
15090000 0.446748 0.302463
15120000 0.440489 0.304933
15150000 0.448918 0.2948
15180000 0.454097 0.299421
15210000 0.445543 0.289343
15240000 0.440143 0.29252
15270000 0.447434 0.301064
15300000 0.450773 0.297363
15330000 0.448526 0.300602
15360000 0.451576 0.299247
15390000 0.445758 0.299286
15420000 0.46045 0.309952
15450000 0.445962 0.295624
15480000 0.444837 0.290676
15510000 0.458611 0.291196
15540000 0.455888 0.290693
15570000 0.454833 0.303395
15600000 0.456797 0.299559
15630000 0.460367 0.295923
15660000 0.459863 0.295467
15690000 0.457843 0.30076
15720000 0.462771 0.2961
15750000 0.467032 0.29932
15780000 0.459364 0.300057
15810000 0.459895 0.29936
15840000 0.460918 0.291996
15870000 0.463819 0.297213
15900000 0.468367 0.294737
15930000 0.455972 0.289345
15960000 0.468437 0.297549
15990000 0.472984 0.304726
16020000 0.471552 0.295395
16050000 0.469754 0.295024
16080000 0.485366 0.306974
16110000 0.470191 0.292981
16140000 0.471095 0.299443
16170000 0.473886 0.292904
16200000 0.477897 0.310043
16230000 0.485523 0.304178
16260000 0.481219 0.293575
16290000 0.48765 0.306682
16320000 0.48289 0.302751
16350000 0.47844 0.292563
16380000 0.48623 0.295302
16410000 0.486186 0.306907
16440000 0.495466 0.305012
16470000 0.490494 0.304981
16500000 0.478229 0.300154
16530000 0.481471 0.304653
16560000 0.488471 0.298832
16590000 0.501763 0.309629
16620000 0.492706 0.298413
16650000 0.478754 0.306252
16680000 0.501831 0.310963
16710000 0.509796 0.31694
16740000 0.49687 0.312659
16770000 0.492276 0.298209
16800000 0.497521 0.295632
16830000 0.495135 0.293128
16860000 0.488827 0.296543
16890000 0.512698 0.31232
16920000 0.502974 0.298114
16950000 0.497103 0.303476
16980000 0.504467 0.299086
17010000 0.514695 0.311916
17040000 0.508567 0.293563
17070000 0.518223 0.293162
17100000 0.51366 0.302999
17130000 0.51364 0.316181
17160000 0.516146 0.300968
17190000 0.522398 0.312918
17220000 0.515613 0.311583
17250000 0.503865 0.292331
17280000 0.513657 0.298421
17310000 0.512586 0.29957
17340000 0.51832 0.306314
17370000 0.524951 0.300309
17400000 0.523867 0.310788
17430000 0.521031 0.294452
17460000 0.527459 0.302826
17490000 0.52873 0.310469
17520000 0.522289 0.305376
17550000 0.539217 0.318751
17580000 0.524914 0.301565
17610000 0.527645 0.302093
17640000 0.537701 0.309533
17670000 0.526948 0.304498
17700000 0.540932 0.318359
17730000 0.529032 0.301738
17760000 0.54326 0.311365
17790000 0.537433 0.315596
17820000 0.544442 0.310946
17850000 0.551545 0.322334
17880000 0.543735 0.31855
17910000 0.550512 0.313759
17940000 0.553859 0.326812
17970000 0.550549 0.314259
18000000 0.548704 0.326458
18030000 0.568324 0.334475
18060000 0.553511 0.323204
18090000 0.561327 0.332117
18120000 0.566416 0.327595
18150000 0.566068 0.328265
18180000 0.569815 0.327827
18210000 0.568004 0.331259
18240000 0.569081 0.325834
18270000 0.563583 0.327417
18300000 0.559782 0.323634
18330000 0.566407 0.323277
18360000 0.550352 0.326172
18390000 0.55912 0.338912
18420000 0.562707 0.316436
18450000 0.551525 0.323886
18480000 0.561243 0.31545
18510000 0.566233 0.318584
18540000 0.563796 0.330171
18570000 0.557224 0.321079
18600000 0.562541 0.308654
18630000 0.559016 0.328984
18660000 0.565598 0.309527
18690000 0.569578 0.318286
18720000 0.568438 0.326295
18750000 0.573903 0.316505
18780000 0.5655 0.3196
18810000 0.580575 0.319548
18840000 0.570971 0.318218
18870000 0.577468 0.326001
18900000 0.578599 0.321473
18930000 0.574675 0.315879
18960000 0.578855 0.319901
18990000 0.585671 0.323989
19020000 0.585981 0.328792
19050000 0.570384 0.320097
19080000 0.597151 0.325413
19110000 0.599844 0.329912
19140000 0.581947 0.33586
19170000 0.596802 0.351232
19200000 0.603299 0.346627
19230000 0.606241 0.34635
19260000 0.593384 0.351668
19290000 0.597019 0.333804
19320000 0.6189 0.361499
19350000 0.608445 0.3641
19380000 0.613214 0.439861
19410000 0.629074 0.566137
19440000 0.649838 0.831529
19470000 0.654575 1.02808
19500000 0.644215 0.469728
19530000 0.610306 0.367316
19560000 0.623509 0.351792
19590000 0.610811 0.345505
19620000 0.617644 0.347094
19650000 0.624173 0.364629
19680000 0.601475 0.341021
19710000 0.612786 0.335854
19740000 0.593886 0.327747
19770000 0.618284 0.341059
19800000 0.608611 0.329128
19830000 0.604422 0.331075
19860000 0.614892 0.327265
19890000 0.598605 0.330591
19920000 0.607962 0.338346
19950000 0.600295 0.320751
19980000 0.598132 0.332546
20010000 0.607906 0.334499
20040000 0.60917 0.345809
20070000 0.622125 0.33874
20100000 0.605728 0.31252
20130000 0.627811 0.340584
20160000 0.597188 0.322536
20190000 0.598502 0.329232
20220000 0.598603 0.339272
20250000 0.612681 0.335825
20280000 0.629179 0.352674
20310000 0.633134 0.348228
20340000 0.628317 0.349707
20370000 0.618794 0.346371
20400000 0.623987 0.362939
20430000 0.645881 0.382001
20460000 0.651805 0.369287
20490000 0.651421 0.445351
20520000 0.666951 0.607179
20550000 0.723177 1.70797
20580000 0.695961 0.996128
20610000 0.760256 2.22924
20640000 0.700095 0.773752
20670000 0.664013 0.490298
20700000 0.671955 0.42391
20730000 0.641879 0.409669
20760000 0.634384 0.359147
20790000 0.648637 0.380428
20820000 0.672933 0.368047
20850000 0.651858 0.35013
20880000 0.660203 0.377856
20910000 0.661317 0.36488
20940000 0.667567 0.377328
20970000 0.654842 0.363548
21000000 0.650125 0.354176
21030000 0.653078 0.370956
21060000 0.654784 0.362172
21090000 0.662479 0.349239
21120000 0.639705 0.357798
21150000 0.660698 0.370217
21180000 0.639981 0.360282
21210000 0.637862 0.356252
21240000 0.665746 0.354137
21270000 0.650687 0.33464
21300000 0.665772 0.345982
21330000 0.658873 0.362092
21360000 0.673773 0.350099
21390000 0.677683 0.353874
21420000 0.671625 0.348335
21450000 0.675497 0.352995
21480000 0.686895 0.372352
21510000 0.68427 0.356166
21540000 0.677581 0.363333
21570000 0.665004 0.341634
21600000 0.670949 0.360965
21630000 0.6829 0.355233
21660000 0.685879 0.3503
21690000 0.69075 0.371846
21720000 0.706861 0.363164
21750000 0.675497 0.362729
21780000 0.699214 0.365484
21810000 0.705049 0.373943
21840000 0.707892 0.376062
21870000 0.711585 0.397003
21900000 0.702065 0.356088
21930000 0.708896 0.381408
21960000 0.714687 0.375877
21990000 0.698492 0.359104
22020000 0.725882 0.371845
22050000 0.712245 0.37508
22080000 0.733012 0.373984
22110000 0.719838 0.379088
22140000 0.72455 0.361949
22170000 0.720544 0.372187
22200000 0.728322 0.37357
22230000 0.726908 0.365417
22260000 0.750599 0.394239
22290000 0.737894 0.378123
22320000 0.733805 0.383217
22350000 0.73478 0.38278
22380000 0.762883 0.393474
22410000 0.752559 0.39064
22440000 0.749529 0.402309
22470000 0.725191 0.399515
22500000 0.738165 0.391779
22530000 0.747447 0.384155
22560000 0.748648 0.408397
22590000 0.758809 0.414836
22620000 0.755548 0.440921
22650000 0.746907 0.418515
22680000 0.767346 0.460374
22710000 0.776799 0.466053
22740000 0.779079 0.450692
22770000 0.808566 0.484726
22800000 0.803449 0.496528
22830000 0.790123 0.490616
22860000 0.802392 0.520988
22890000 0.810184 0.536779
22920000 0.812493 0.539533
22950000 0.800583 0.542634
22980000 0.816594 0.553415
23010000 0.804001 0.552264
23040000 0.8227 0.61555
23070000 0.815135 0.624151
23100000 0.819165 0.671438
23130000 0.838244 0.688295
23160000 0.834769 0.751322
23190000 0.845669 0.764696
23220000 0.81711 0.781111
23250000 0.852811 0.868114
23280000 0.837081 0.87302
23310000 0.83651 1.08263
23340000 0.892584 1.29681
23370000 0.879849 1.61215
23400000 0.8639 1.91344
23430000 0.915213 3.14338
23460000 0.743196 0.357813
23490000 0.757144 0.341258
23520000 0.741686 0.33943
23550000 0.742096 0.345748
23580000 0.76227 0.359193
23610000 0.732523 0.345707
23640000 0.736111 0.334977
23670000 0.702566 0.322042
23700000 0.744731 0.348115
23730000 0.742331 0.354979
23760000 0.74988 0.332443
23790000 0.745656 0.328342
23820000 0.758699 0.333084
23850000 0.739287 0.32144
23880000 0.752459 0.334075
23910000 0.756744 0.366386
23940000 0.776696 0.350847
23970000 0.765957 0.341193
24000000 0.749818 0.335432
24030000 0.758509 0.348508
24060000 0.764387 0.34916
24090000 0.797945 0.3437
24120000 0.77519 0.360881
24150000 0.773857 0.392646
24180000 0.808953 0.357492
24210000 0.800544 0.373954
24240000 0.787164 0.349086
24270000 0.781222 0.359873
24300000 0.785787 0.334201
24330000 0.792375 0.355502
24360000 0.815995 0.355701
24390000 0.810222 0.38507
24420000 0.827358 0.381976
24450000 0.804288 0.357672
24480000 0.810453 0.363084
24510000 0.832273 0.371165
24540000 0.840547 0.372894
24570000 0.842485 0.389091
24600000 0.866584 0.391858
24630000 0.858233 0.37841
24660000 0.859785 0.38601
24690000 0.861946 0.386343
24720000 0.85682 0.377549
24750000 0.846237 0.383572
24780000 0.86577 0.369768
24810000 0.908597 0.385319
24840000 0.869684 0.401732
24870000 0.936079 0.449978
24900000 0.879361 0.38126
24930000 0.903338 0.381635
24960000 0.874363 0.367364
24990000 0.879364 0.397948
25020000 0.909443 0.393613
25050000 0.922288 0.387177
25080000 0.896488 0.371412
25110000 0.918869 0.38482
25140000 0.905383 0.386341
25170000 0.901346 0.380892
25200000 0.951625 0.404765
25230000 0.94045 0.36246
25260000 0.888678 0.36368
25290000 0.926444 0.379565
25320000 0.92571 0.388176
25350000 0.931042 0.37673
25380000 0.926339 0.39811
25410000 0.970463 0.362306
25440000 0.945946 0.380921
25470000 0.946188 0.35926
25500000 0.969965 0.391734
25530000 0.94905 0.38204
25560000 0.935969 0.388645
25590000 0.966419 0.416942
25620000 0.957298 0.398703
25650000 0.961121 0.418286
25680000 0.968534 0.403668
25710000 0.941577 0.374195
25740000 0.943201 0.417391
25770000 1.02078 0.430514
25800000 1.04958 0.467989
25830000 1.00814 0.466709
25860000 1.02153 0.46638
25890000 1.0153 0.447915
25920000 0.996437 0.396206
25950000 1.0478 0.491039
25980000 1.02184 0.455726
26010000 1.02812 0.439983
26040000 1.0425 0.48029
26070000 1.04675 0.501069
26100000 1.07079 0.48675
26130000 1.08229 0.464428
26160000 1.11813 0.492067
26190000 1.10753 0.544807
26220000 1.12 0.538433
26250000 1.14066 0.582024
26280000 1.05931 0.502563
26310000 1.10728 0.578178
26340000 1.13472 0.569084
26370000 1.1193 0.597406
26400000 1.15011 0.663193
26430000 1.16526 0.632867
26460000 1.16226 0.643018
26490000 1.15803 0.709817
26520000 1.19483 0.813529
26550000 1.21121 0.833555
26580000 1.1966 0.860547
26610000 1.17614 0.859963
26640000 1.18531 0.842439
26670000 1.18461 0.850406
26700000 1.19938 0.929531
26730000 1.20918 0.958043
26760000 1.25511 0.993324
26790000 1.25422 1.14965
26820000 1.21415 1.24011
26850000 1.18801 1.24332
26880000 1.20684 1.40379
26910000 1.19313 1.49811
26940000 1.00409 0.364262
26970000 1.02897 0.309147
27000000 1.06782 0.372794
27030000 1.03579 0.343649
27060000 1.10018 0.313999
27090000 1.0792 0.328581
27120000 1.02791 0.380057
27150000 1.09745 0.323842
27180000 1.12947 0.43018
27210000 1.05335 0.389191
27240000 1.09131 0.339055
27270000 1.09259 0.364022
27300000 1.08379 0.345407
27330000 1.05129 0.320937
27360000 1.07994 0.340223
27390000 1.08717 0.348528
27420000 1.14284 0.342713
27450000 1.10393 0.418438
27480000 1.06285 0.33678
27510000 1.12798 0.359605
27540000 1.10811 0.374607
27570000 1.09407 0.395526
27600000 1.13093 0.397213
27630000 1.11951 0.444417
27660000 1.10857 0.337464
27690000 1.13403 0.347761
27720000 1.17213 0.350457
27750000 1.14383 0.357127
27780000 1.15851 0.363852
27810000 1.20019 0.367562
27840000 1.14851 0.41619
27870000 1.21183 0.414747
27900000 1.20028 0.421196
27930000 1.17053 0.414453
27960000 1.19441 0.383716
27990000 1.24103 0.37933
28020000 1.24286 0.379682
28050000 1.25839 0.41671
28080000 1.26463 0.472147
28110000 1.23418 0.36181
28140000 1.19905 0.349806
28170000 1.25757 0.413282
28200000 1.21526 0.360979
28230000 1.22921 0.410221
28260000 1.23607 0.401121
28290000 1.18733 0.380643
28320000 1.21544 0.305389
28350000 1.29669 0.388007
28380000 1.32098 0.416861
28410000 1.2527 0.353928
28440000 1.22369 0.379035
28470000 1.21918 0.307053
28500000 1.26145 0.433049
28530000 1.26162 0.353962
28560000 1.30779 0.335705
28590000 1.23334 0.378801
28620000 1.37496 0.477179
28650000 1.31626 0.408955
28680000 1.30249 0.380027
28710000 1.27698 0.377749
28740000 1.3431 0.406639
28770000 1.29768 0.386838
28800000 1.30764 0.364085
28830000 1.32176 0.387543
28860000 1.35929 0.360997
28890000 1.43225 0.396548
28920000 1.41646 0.367952
28950000 1.42581 0.461822
28980000 1.49387 0.361755
29010000 1.47251 0.423123
29040000 1.43347 0.44551
29070000 1.47775 0.479976
29100000 1.48587 0.480483
29130000 1.44581 0.519029
29160000 1.53907 0.467395
29190000 1.55541 0.394391
29220000 1.6566 0.476125
29250000 1.63443 0.463551
29280000 1.60232 0.517454
29310000 1.68098 0.445887
29340000 1.72471 0.458102
29370000 1.76912 0.371907
29400000 1.80814 0.388157
29430000 1.84929 0.527576
29460000 1.74982 0.420623
29490000 1.9162 0.455899
29520000 1.87461 0.475095
29550000 1.90933 0.524517
29580000 1.83057 0.526959
29610000 1.98577 0.685613
29640000 2.07392 0.635834
29670000 2.21413 0.646279
29700000 2.05846 0.64647
29730000 2.3003 0.882932
29760000 2.35353 0.765154
29790000 2.32713 0.780804
29820000 2.48721 0.653616
29850000 2.51566 0.741847
29880000 2.60771 0.592856
29910000 2.76738 0.798989
29940000 2.90299 0.869398
29970000 3.40562 1.07998
30000000 3.14998 1.12986
30030000 3.77571 1.09263
30060000 4.01835 1.42836
30090000 4.09118 1.3259
30120000 4.21019 1.15869
30150000 4.65054 1.30965
30180000 5.19689 1.78317
30210000 5.77066 2.3084
30240000 6.64185 2.3328
30270000 8.37924 2.99159
30300000 9.17199 4.10532
30330000 12.1597 5.23247
30360000 17.3279 7.84515
30390000 26.9253 11.1921
30420000 41.1208 0
