0 720.945 180.766
30000 215.106 52.5495
60000 76.9582 25.0911
90000 46.2336 17.8636
120000 33.2954 14.0458
150000 26.3389 11.9493
180000 21.9769 10.3551
210000 19.0663 9.62058
240000 16.9393 8.99784
270000 15.1531 7.99503
300000 13.8162 7.21813
330000 12.802 6.37749
360000 11.8668 6.18165
390000 11.2147 5.92468
420000 10.6241 5.60108
450000 10.0797 5.42499
480000 9.6129 5.2187
510000 9.2461 4.97393
540000 8.89309 4.79163
570000 8.5096 4.75762
600000 8.08917 4.48805
630000 7.83385 4.24147
660000 7.58917 4.08572
690000 7.32319 3.7965
720000 7.1044 3.45883
750000 6.94146 3.36317
780000 6.77809 3.34152
810000 6.59703 3.09512
840000 6.43654 2.96107
870000 6.2937 2.72892
900000 6.12606 2.6605
930000 6.01058 2.65897
960000 5.82823 2.46387
990000 5.74117 2.45568
1020000 5.64867 2.36223
1050000 5.50605 2.2119
1080000 5.30372 2.005
1110000 5.25189 1.98454
1140000 5.25746 1.95784
1170000 5.12433 1.88356
1200000 5.01266 1.86186
1230000 4.91964 1.88793
1260000 4.78966 1.86053
1290000 4.73276 1.81949
1320000 4.6557 1.6887
1350000 4.61504 1.65635
1380000 4.53099 1.68232
1410000 4.52124 1.67897
1440000 4.41383 1.67808
1470000 4.3758 1.6246
1500000 4.32393 1.60305
1530000 4.28521 1.74542
1560000 4.22079 1.65563
1590000 4.18612 1.62966
1620000 4.1256 1.55763
1650000 4.05812 1.55222
1680000 3.9269 1.45785
1710000 3.88637 1.4308
1740000 3.83076 1.37651
1770000 3.74852 1.4124
1800000 3.70366 1.4111
1830000 3.68991 1.41771
1860000 3.62448 1.41552
1890000 3.63544 1.43684
1920000 3.56452 1.42152
1950000 3.52433 1.37982
1980000 3.52808 1.34937
2010000 3.48473 1.36252
2040000 3.42114 1.37063
2070000 3.3439 1.35812
2100000 3.33114 1.32573
2130000 3.30764 1.34273
2160000 3.28675 1.34909
2190000 3.24958 1.31507
2220000 3.17026 1.28674
2250000 3.1736 1.26346
2280000 3.13249 1.29439
2310000 3.11375 1.2597
2340000 3.07214 1.26462
2370000 3.06033 1.31466
2400000 3.02871 1.31556
2430000 3.00807 1.30873
2460000 2.97187 1.26094
2490000 2.9311 1.24559
2520000 2.87639 1.22989
2550000 2.84961 1.20403
2580000 2.82427 1.21921
2610000 2.75583 1.17625
2640000 2.77075 1.20555
2670000 2.72154 1.17079
2700000 2.69274 1.18214
2730000 2.71055 1.21105
2760000 2.64197 1.19027
2790000 2.67176 1.18545
2820000 2.62923 1.15972
2850000 2.55883 1.16485
2880000 2.5602 1.19213
2910000 2.51797 1.17812
2940000 2.52193 1.17958
2970000 2.48974 1.1842
3000000 2.44227 1.16572
3030000 2.40251 1.12973
3060000 2.41562 1.14272
3090000 2.35448 1.10767
3120000 2.37147 1.14031
3150000 2.3467 1.11928
3180000 2.32646 1.10353
3210000 2.34772 1.13396
3240000 2.31754 1.11534
3270000 2.27127 1.09954
3300000 2.25348 1.08316
3330000 2.26666 1.1186
3360000 2.23098 1.08902
3390000 2.21323 1.09908
3420000 2.17027 1.09417
3450000 2.17069 1.09247
3480000 2.14242 1.08619
3510000 2.11434 1.07019
3540000 2.07637 1.07903
3570000 2.0753 1.05573
3600000 2.02946 1.03304
3630000 2.05796 1.08312
3660000 1.98729 1.04445
3690000 1.98907 1.07319
3720000 1.97943 1.01778
3750000 1.97862 1.00788
3780000 1.979 1.03145
3810000 1.93415 1.01187
3840000 1.92126 1.01265
3870000 1.90434 1.02365
3900000 1.90886 1.04627
3930000 1.88481 1.02564
3960000 1.84231 0.996733
3990000 1.81501 1.00443
4020000 1.82554 0.964557
4050000 1.82553 0.989904
4080000 1.83696 1.00355
4110000 1.80066 0.97114
4140000 1.77494 0.9919
4170000 1.75928 0.942003
4200000 1.7557 0.953592
4230000 1.74142 0.988463
4260000 1.71771 0.978574
4290000 1.69681 0.946287
4320000 1.71174 0.95652
4350000 1.71265 0.984247
4380000 1.68305 0.948679
4410000 1.63742 0.91338
4440000 1.64536 0.914494
4470000 1.63668 0.917576
4500000 1.61538 0.904622
4530000 1.59705 0.899395
4560000 1.57208 0.886435
4590000 1.58486 0.876065
4620000 1.56051 0.871851
4650000 1.56693 0.868932
4680000 1.54481 0.84978
4710000 1.54903 0.872309
4740000 1.51628 0.847349
4770000 1.51173 0.856391
4800000 1.49292 0.864459
4830000 1.50043 0.834809
4860000 1.49989 0.858324
4890000 1.49105 0.855329
4920000 1.47576 0.847825
4950000 1.45347 0.830104
4980000 1.44571 0.82367
5010000 1.42898 0.814939
5040000 1.42008 0.82426
5070000 1.40816 0.823271
5100000 1.39153 0.796365
5130000 1.40357 0.809718
5160000 1.37668 0.809747
5190000 1.3338 0.804808
5220000 1.38345 0.826439
5250000 1.37861 0.804933
5280000 1.38639 0.830536
5310000 1.36519 0.837765
5340000 1.31465 0.78689
5370000 1.3544 0.809464
5400000 1.32117 0.81582
5430000 1.34658 0.835871
5460000 1.33245 1.00461
5490000 1.34184 1.47492
5520000 1.38358 2.23785
5550000 1.38724 2.50537
5580000 1.30961 1.42767
5610000 1.24425 0.893299
5640000 1.24593 0.8094
5670000 1.25742 0.788092
5700000 1.22482 0.758316
5730000 1.23394 0.759987
5760000 1.1874 0.73967
5790000 1.20993 0.755354
5820000 1.21254 0.759697
5850000 1.19985 0.73639
5880000 1.17047 0.728517
5910000 1.17139 0.719065
5940000 1.17307 0.721533
5970000 1.14417 0.707464
6000000 1.14227 0.701052
6030000 1.13071 0.694239
6060000 1.12924 0.691313
6090000 1.12613 0.710669
6120000 1.13137 0.704235
6150000 1.08733 0.680563
6180000 1.08641 0.672835
6210000 1.04644 0.652989
6240000 1.05292 0.655245
6270000 1.0407 0.644257
6300000 1.06454 0.660589
6330000 1.06532 0.665861
6360000 1.02164 0.621957
6390000 1.04129 0.656152
6420000 1.01937 0.628403
6450000 1.02217 0.700708
6480000 1.0239 0.649387
6510000 1.03246 0.668592
6540000 0.995738 0.630128
6570000 1.00836 0.634381
6600000 0.994711 0.631386
6630000 0.989163 0.631984
6660000 0.999164 0.621965
6690000 0.989257 0.619531
6720000 0.964559 0.60665
6750000 0.957275 0.600281
6780000 0.949577 0.58689
6810000 0.955901 0.602127
6840000 0.925273 0.567998
6870000 0.924424 0.57944
6900000 0.919386 0.563274
6930000 0.908658 0.579053
6960000 0.926099 0.569425
6990000 0.906932 0.55811
7020000 0.887809 0.580723
7050000 0.898726 0.602074
7080000 0.885355 0.580618
7110000 0.894245 0.600602
7140000 0.873503 0.563294
7170000 0.861522 0.568129
7200000 0.859542 0.553299
7230000 0.842176 0.544763
7260000 0.82245 0.528736
7290000 0.841095 0.534155
7320000 0.832652 0.526332
7350000 0.825198 0.529984
7380000 0.826819 0.526722
7410000 0.802304 0.518715
7440000 0.792541 0.522817
7470000 0.814829 0.53323
7500000 0.797938 0.509789
7530000 0.764234 0.46534
7560000 0.767668 0.503977
7590000 0.7947 0.512605
7620000 0.763689 0.495587
7650000 0.767898 0.483049
7680000 0.765569 0.49529
7710000 0.750592 0.480115
7740000 0.740652 0.457308
7770000 0.744022 0.461262
7800000 0.716666 0.442713
7830000 0.734636 0.451852
7860000 0.711931 0.450961
7890000 0.728912 0.469739
7920000 0.723921 0.453827
7950000 0.714359 0.450476
7980000 0.704922 0.429759
8010000 0.681159 0.44016
8040000 0.68473 0.425519
8070000 0.67643 0.427329
8100000 0.694444 0.437618
8130000 0.666966 0.415994
8160000 0.660351 0.424533
8190000 0.672042 0.433543
8220000 0.65941 0.409871
8250000 0.65276 0.411456
8280000 0.640394 0.392417
8310000 0.645306 0.40348
8340000 0.645126 0.416199
8370000 0.646614 0.405822
8400000 0.632773 0.402714
8430000 0.623126 0.391088
8460000 0.627202 0.387415
8490000 0.607945 0.376916
8520000 0.603421 0.379003
8550000 0.601237 0.378945
8580000 0.597845 0.393232
8610000 0.593002 0.389531
8640000 0.593997 0.372863
8670000 0.583179 0.377794
8700000 0.600869 0.381335
8730000 0.600338 0.381265
8760000 0.583634 0.389611
8790000 0.551365 0.374692
8820000 0.576962 0.367035
8850000 0.585561 0.354655
8880000 0.580844 0.366373
8910000 0.568986 0.358654
8940000 0.569478 0.363496
8970000 0.55714 0.364054
9000000 0.541884 0.350481
9030000 0.5419 0.333969
9060000 0.552575 0.352897
9090000 0.543237 0.353343
9120000 0.538989 0.345051
9150000 0.541093 0.34589
9180000 0.537586 0.349403
9210000 0.525822 0.346885
9240000 0.540097 0.348227
9270000 0.540566 0.35019
9300000 0.519978 0.32357
9330000 0.539945 0.340089
9360000 0.510506 0.342353
9390000 0.529773 0.351132
9420000 0.515532 0.309751
9450000 0.502375 0.314901
9480000 0.507786 0.318661
9510000 0.511167 0.322773
9540000 0.499906 0.302385
9570000 0.483074 0.312655
9600000 0.492778 0.314147
9630000 0.482159 0.329044
9660000 0.494542 0.315651
9690000 0.48724 0.297148
9720000 0.48724 0.307129
9750000 0.482438 0.313079
9780000 0.478662 0.297288
9810000 0.465453 0.30162
9840000 0.459147 0.301668
9870000 0.467667 0.300474
9900000 0.469865 0.309462
9930000 0.473813 0.303165
9960000 0.468131 0.297053
9990000 0.466881 0.30113
10020000 0.458541 0.296003
10050000 0.440216 0.289327
10080000 0.440226 0.299764
10110000 0.436794 0.273887
10140000 0.443324 0.288349
10170000 0.457864 0.292509
10200000 0.454646 0.292418
10230000 0.437755 0.270062
10260000 0.4332 0.27643
10290000 0.42708 0.274527
10320000 0.438377 0.279542
10350000 0.431393 0.261739
10380000 0.44008 0.277682
10410000 0.429055 0.269876
10440000 0.430883 0.266588
10470000 0.433748 0.270126
10500000 0.425962 0.274055
10530000 0.431211 0.264199
10560000 0.423164 0.260342
10590000 0.398657 0.264806
10620000 0.420771 0.259806
10650000 0.399168 0.249123
10680000 0.414807 0.252535
10710000 0.40128 0.26014
10740000 0.418862 0.265083
10770000 0.404511 0.257862
10800000 0.402232 0.250682
10830000 0.406265 0.251637
10860000 0.387496 0.246395
10890000 0.40387 0.262251
10920000 0.406037 0.254363
10950000 0.391272 0.255517
10980000 0.397417 0.250984
11010000 0.397887 0.255482
11040000 0.39413 0.25026
11070000 0.383082 0.24605
11100000 0.387485 0.243668
11130000 0.398711 0.246865
11160000 0.401979 0.250358
11190000 0.397164 0.263272
11220000 0.379487 0.245879
11250000 0.396925 0.257494
11280000 0.392571 0.250581
11310000 0.399442 0.258493
11340000 0.404751 0.275862
11370000 0.395579 0.244866
11400000 0.394074 0.250109
11430000 0.386457 0.246517
11460000 0.383193 0.254395
11490000 0.397885 0.260965
11520000 0.389078 0.258887
11550000 0.388906 0.27389
11580000 0.391186 0.240946
11610000 0.392478 0.241213
11640000 0.372169 0.22442
11670000 0.386852 0.247511
11700000 0.387183 0.237946
11730000 0.39341 0.24951
11760000 0.400569 0.264396
11790000 0.395163 0.253449
11820000 0.378776 0.245072
11850000 0.402916 0.258149
11880000 0.396959 0.251248
11910000 0.382662 0.242398
11940000 0.383422 0.25393
11970000 0.386359 0.250719
12000000 0.396661 0.267458
12030000 0.398925 0.248757
12060000 0.385799 0.244851
12090000 0.382532 0.240859
12120000 0.369354 0.240123
12150000 0.38952 0.250528
12180000 0.388859 0.263209
12210000 0.396359 0.254833
12240000 0.379901 0.243208
12270000 0.384385 0.241679
12300000 0.380852 0.248725
12330000 0.380032 0.251444
12360000 0.382442 0.253273
12390000 0.383619 0.253673
12420000 0.397866 0.258159
12450000 0.375238 0.245555
12480000 0.393617 0.249724
12510000 0.389178 0.249344
12540000 0.392551 0.255639
12570000 0.389733 0.253285
12600000 0.382188 0.25033
12630000 0.387523 0.256896
12660000 0.385658 0.245169
12690000 0.402578 0.25422
12720000 0.39137 0.263373
12750000 0.392209 0.272336
12780000 0.391775 0.258584
12810000 0.394216 0.257786
12840000 0.388194 0.261257
12870000 0.397995 0.264701
12900000 0.40843 0.259469
12930000 0.381957 0.249906
12960000 0.38434 0.24647
12990000 0.375784 0.247157
13020000 0.381865 0.254052
13050000 0.385173 0.25883
13080000 0.385998 0.249034
13110000 0.377398 0.252656
13140000 0.376967 0.252652
13170000 0.382015 0.256115
13200000 0.373559 0.244871
13230000 0.390219 0.25708
13260000 0.38527 0.257423
13290000 0.37869 0.244771
13320000 0.376676 0.253639
13350000 0.378051 0.254995
13380000 0.380185 0.257852
13410000 0.382624 0.259553
13440000 0.378336 0.247857
13470000 0.392023 0.27654
13500000 0.375321 0.239265
13530000 0.381622 0.252423
13560000 0.380266 0.237348
13590000 0.393702 0.264587
13620000 0.390765 0.253267
13650000 0.399933 0.266039
13680000 0.39639 0.256073
13710000 0.389533 0.256835
13740000 0.400271 0.257732
13770000 0.410788 0.270067
13800000 0.399963 0.267371
13830000 0.382296 0.241235
13860000 0.393518 0.254455
13890000 0.382413 0.251462
13920000 0.414198 0.273775
13950000 0.398305 0.252395
13980000 0.380953 0.247481
14010000 0.394928 0.260082
14040000 0.394891 0.235209
14070000 0.401923 0.246423
14100000 0.384883 0.253666
14130000 0.403274 0.251233
14160000 0.403655 0.243892
14190000 0.400188 0.245762
14220000 0.391518 0.24993
14250000 0.391968 0.249745
14280000 0.39501 0.265315
14310000 0.417097 0.258886
14340000 0.416834 0.262915
14370000 0.416046 0.262089
14400000 0.412595 0.264983
14430000 0.407147 0.261501
14460000 0.414376 0.257496
14490000 0.40253 0.262439
14520000 0.41068 0.261068
14550000 0.415564 0.276157
14580000 0.409357 0.260043
14610000 0.423755 0.257484
14640000 0.426853 0.261512
14670000 0.421225 0.266617
14700000 0.414182 0.261415
14730000 0.432628 0.283836
14760000 0.423875 0.271684
14790000 0.42156 0.259352
14820000 0.407602 0.26902
14850000 0.421213 0.261755
14880000 0.419394 0.273971
14910000 0.426863 0.265731
14940000 0.431972 0.265694
14970000 0.431937 0.264903
15000000 0.423287 0.269318
15030000 0.435156 0.256165
15060000 0.432209 0.272003
15090000 0.417452 0.245693
15120000 0.4208 0.260309
15150000 0.42746 0.257561
15180000 0.436163 0.26576
15210000 0.417494 0.251565
15240000 0.427786 0.273342
15270000 0.424114 0.26377
15300000 0.434883 0.279215
15330000 0.451036 0.273622
15360000 0.425178 0.263981
15390000 0.433352 0.266547
15420000 0.449391 0.282298
15450000 0.432762 0.274626
15480000 0.444933 0.268337
15510000 0.428673 0.253547
15540000 0.452545 0.264015
15570000 0.449103 0.278362
15600000 0.441506 0.278508
15630000 0.44941 0.26122
15660000 0.458156 0.268225
15690000 0.436223 0.268073
15720000 0.45688 0.277654
15750000 0.447685 0.264949
15780000 0.440447 0.247743
15810000 0.441251 0.275214
15840000 0.445656 0.257018
15870000 0.449014 0.26363
15900000 0.456689 0.25508
15930000 0.445582 0.252896
15960000 0.446648 0.260717
15990000 0.438151 0.253202
16020000 0.432692 0.22783
16050000 0.449399 0.252106
16080000 0.450593 0.247382
16110000 0.463635 0.260076
16140000 0.454899 0.270404
16170000 0.463871 0.267964
16200000 0.464677 0.276651
16230000 0.483851 0.257125
16260000 0.445871 0.259328
16290000 0.476456 0.272418
16320000 0.475954 0.270526
16350000 0.462438 0.264479
16380000 0.477367 0.266359
16410000 0.470367 0.270128
16440000 0.467169 0.259647
16470000 0.469463 0.275555
16500000 0.447352 0.254253
16530000 0.453325 0.2703
16560000 0.456973 0.258514
16590000 0.469634 0.277454
16620000 0.462449 0.25699
16650000 0.434546 0.248586
16680000 0.466538 0.284788
16710000 0.489145 0.271693
16740000 0.458853 0.261842
16770000 0.471187 0.26
16800000 0.480444 0.260146
16830000 0.467228 0.253855
16860000 0.45973 0.258914
16890000 0.488938 0.284924
16920000 0.473355 0.254619
16950000 0.452089 0.248552
16980000 0.485082 0.262244
17010000 0.489756 0.282659
17040000 0.493051 0.267862
17070000 0.498439 0.251146
17100000 0.492058 0.251414
17130000 0.476242 0.260879
17160000 0.49512 0.255675
17190000 0.506338 0.272372
17220000 0.480417 0.262354
17250000 0.49254 0.251836
17280000 0.500209 0.265699
17310000 0.496877 0.258656
17340000 0.479381 0.262957
17370000 0.51526 0.259928
17400000 0.518023 0.281943
17430000 0.513765 0.257542
17460000 0.508379 0.271008
17490000 0.506392 0.274497
17520000 0.504211 0.258724
17550000 0.52392 0.267714
17580000 0.506137 0.265438
17610000 0.520668 0.265516
17640000 0.513193 0.277387
17670000 0.510779 0.258052
17700000 0.532123 0.274199
17730000 0.524704 0.248776
17760000 0.524986 0.270396
17790000 0.511472 0.258043
17820000 0.520124 0.260725
17850000 0.544084 0.286656
17880000 0.518095 0.265183
17910000 0.551099 0.268521
17940000 0.539701 0.283244
17970000 0.525133 0.255498
18000000 0.52412 0.268423
18030000 0.593206 0.282121
18060000 0.550193 0.266545
18090000 0.549112 0.265336
18120000 0.556316 0.263459
18150000 0.576955 0.279294
18180000 0.567839 0.255881
18210000 0.551537 0.243703
18240000 0.565576 0.270043
18270000 0.563975 0.276364
18300000 0.544674 0.245768
18330000 0.571691 0.25755
18360000 0.550991 0.250321
18390000 0.578058 0.2843
18420000 0.564286 0.246093
18450000 0.558102 0.267871
18480000 0.57026 0.255224
18510000 0.576805 0.251564
18540000 0.582215 0.27428
18570000 0.561827 0.266469
18600000 0.573887 0.260067
18630000 0.551406 0.270563
18660000 0.588785 0.241589
18690000 0.566284 0.262241
18720000 0.569968 0.267391
18750000 0.595219 0.259215
18780000 0.591637 0.273567
18810000 0.586228 0.237193
18840000 0.58875 0.261775
18870000 0.569629 0.260542
18900000 0.579334 0.250378
18930000 0.590301 0.258608
18960000 0.588617 0.249249
18990000 0.590559 0.261256
19020000 0.601597 0.27041
19050000 0.567382 0.259788
19080000 0.590016 0.260528
19110000 0.602814 0.261869
19140000 0.598578 0.278029
19170000 0.604701 0.266452
19200000 0.61521 0.28269
19230000 0.596285 0.266864
19260000 0.595725 0.270907
19290000 0.609414 0.274826
19320000 0.613375 0.270179
19350000 0.597258 0.272395
19380000 0.602002 0.273128
19410000 0.624165 0.290253
19440000 0.623306 0.309194
19470000 0.5986 0.254985
19500000 0.642129 0.286858
19530000 0.625692 0.274041
19560000 0.640228 0.269464
19590000 0.64146 0.273719
19620000 0.623082 0.26425
19650000 0.637958 0.29384
19680000 0.624889 0.262619
19710000 0.632735 0.270014
19740000 0.62301 0.263861
19770000 0.637289 0.285956
19800000 0.614442 0.262206
19830000 0.627874 0.258243
19860000 0.638601 0.262761
19890000 0.618646 0.267329
19920000 0.618384 0.272349
19950000 0.64346 0.274266
19980000 0.606475 0.246115
20010000 0.634133 0.270431
20040000 0.614936 0.279748
20070000 0.654167 0.280414
20100000 0.636166 0.255512
20130000 0.661837 0.269324
20160000 0.640537 0.268134
20190000 0.663129 0.291771
20220000 0.603294 0.270805
20250000 0.663808 0.297707
20280000 0.655525 0.275766
20310000 0.678365 0.286729
20340000 0.676034 0.29382
20370000 0.660427 0.265608
20400000 0.636598 0.257129
20430000 0.670576 0.292513
20460000 0.672221 0.255006
20490000 0.673076 0.265307
20520000 0.674777 0.252229
20550000 0.647589 0.2638
20580000 0.647111 0.293309
20610000 0.66408 0.280484
20640000 0.68827 0.283444
20670000 0.687256 0.269108
20700000 0.67978 0.258372
20730000 0.671497 0.270309
20760000 0.687411 0.284696
20790000 0.69946 0.285853
20820000 0.726393 0.26977
20850000 0.712864 0.266385
20880000 0.703039 0.292649
20910000 0.720776 0.288966
20940000 0.739796 0.305879
20970000 0.714532 0.286894
21000000 0.720229 0.270399
21030000 0.713767 0.28447
21060000 0.695313 0.262622
21090000 0.75003 0.300897
21120000 0.703629 0.293018
21150000 0.724096 0.275414
21180000 0.703522 0.279825
21210000 0.701223 0.284438
21240000 0.731425 0.28786
21270000 0.741864 0.271786
21300000 0.73592 0.271111
21330000 0.722807 0.307473
21360000 0.721746 0.260259
21390000 0.762561 0.297835
21420000 0.778769 0.275873
21450000 0.729938 0.266395
21480000 0.770536 0.282499
21510000 0.750373 0.289033
21540000 0.76331 0.277015
21570000 0.753032 0.296307
21600000 0.759183 0.317322
21630000 0.764232 0.292804
21660000 0.776298 0.275689
21690000 0.785437 0.305523
21720000 0.781972 0.286058
21750000 0.743401 0.260768
21780000 0.810299 0.296231
21810000 0.77577 0.272886
21840000 0.810147 0.329844
21870000 0.816107 0.303916
21900000 0.809766 0.279179
21930000 0.802987 0.310758
21960000 0.791885 0.309969
21990000 0.783498 0.274364
22020000 0.835841 0.304262
22050000 0.811849 0.29452
22080000 0.817329 0.294248
22110000 0.808386 0.275737
22140000 0.826953 0.279766
22170000 0.825931 0.324901
22200000 0.849695 0.284899
22230000 0.835549 0.299162
22260000 0.823908 0.314055
22290000 0.843984 0.281208
22320000 0.825162 0.306933
22350000 0.849169 0.306256
22380000 0.917516 0.303273
22410000 0.864333 0.282671
22440000 0.83774 0.319835
22470000 0.848835 0.281813
22500000 0.8478 0.299573
22530000 0.835943 0.274581
22560000 0.835344 0.275986
22590000 0.842925 0.30333
22620000 0.824952 0.316087
22650000 0.831304 0.307272
22680000 0.869639 0.322016
22710000 0.867436 0.303077
22740000 0.868178 0.295445
22770000 0.885644 0.340129
22800000 0.894995 0.343988
22830000 0.877189 0.309199
22860000 0.88654 0.335461
22890000 0.876219 0.325343
22920000 0.887735 0.322137
22950000 0.880158 0.281038
22980000 0.897525 0.327019
23010000 0.892621 0.310792
23040000 0.873083 0.292222
23070000 0.897676 0.297426
23100000 0.893342 0.310834
23130000 0.914474 0.309491
23160000 0.903261 0.291771
23190000 0.912178 0.31058
23220000 0.851367 0.314717
23250000 0.916843 0.287097
23280000 0.901166 0.279098
23310000 0.886518 0.306215
23340000 0.956891 0.320811
23370000 0.894159 0.291287
23400000 0.852433 0.318098
23430000 0.930097 0.32299
23460000 0.908119 0.337005
23490000 0.926483 0.315018
23520000 0.876201 0.311729
23550000 0.920518 0.297419
23580000 0.92488 0.313302
23610000 0.922537 0.306845
23640000 0.881018 0.325894
23670000 0.8614 0.297323
23700000 0.897307 0.306635
23730000 0.946901 0.333697
23760000 0.88152 0.294773
23790000 0.883475 0.290898
23820000 0.885794 0.293263
23850000 0.891896 0.234527
23880000 0.869251 0.280245
23910000 0.875839 0.322385
23940000 0.936158 0.326943
23970000 0.897676 0.292204
24000000 0.877162 0.254519
24030000 0.924686 0.286953
24060000 0.91036 0.300709
24090000 0.92814 0.324403
24120000 0.925047 0.312124
24150000 0.926828 0.318669
24180000 1.00367 0.336608
24210000 0.938832 0.335662
24240000 0.949598 0.319805
24270000 0.942475 0.291816
24300000 0.910176 0.301475
24330000 0.937003 0.331313
24360000 1.0011 0.308599
24390000 0.946444 0.339066
24420000 0.968103 0.327962
24450000 0.96762 0.319108
24480000 0.991666 0.3266
24510000 1.02313 0.338234
24540000 0.992477 0.315676
24570000 1.05333 0.344415
24600000 1.09667 0.348188
24630000 1.04095 0.310531
24660000 1.05015 0.358736
24690000 1.0674 0.377824
24720000 1.09062 0.310495
24750000 1.04116 0.337489
24780000 1.04896 0.318501
24810000 1.10029 0.33585
24840000 1.08954 0.343077
24870000 1.13369 0.37279
24900000 1.09238 0.366692
24930000 1.17893 0.349315
24960000 1.11534 0.336992
24990000 1.08502 0.421418
25020000 1.16802 0.339469
25050000 1.18419 0.372736
25080000 1.13966 0.340168
25110000 1.10797 0.389489
25140000 1.19252 0.335084
25170000 1.15601 0.392946
25200000 1.19584 0.3906
25230000 1.17732 0.36711
25260000 1.13424 0.402846
25290000 1.21367 0.373089
25320000 1.28285 0.377076
25350000 1.22171 0.400702
25380000 1.28806 0.422657
25410000 1.29313 0.33316
25440000 1.26291 0.412593
25470000 1.24988 0.354582
25500000 1.34484 0.401204
25530000 1.30724 0.43175
25560000 1.28512 0.400502
25590000 1.32796 0.467185
25620000 1.35184 0.398157
25650000 1.34904 0.410366
25680000 1.39638 0.429036
25710000 1.26405 0.403444
25740000 1.42821 0.380498
25770000 1.46511 0.472905
25800000 1.62188 0.525415
25830000 1.5864 0.473115
25860000 1.61289 0.500956
25890000 1.54342 0.46353
25920000 1.42332 0.430699
25950000 1.7354 0.538031
25980000 1.64849 0.492168
26010000 1.6357 0.455359
26040000 1.71278 0.497401
26070000 1.83528 0.490385
26100000 1.81321 0.575509
26130000 1.79431 0.501718
26160000 1.87016 0.604415
26190000 2.0502 0.633119
26220000 2.0279 0.635046
26250000 2.16913 0.642384
26280000 1.92322 0.67925
26310000 2.14705 0.684048
26340000 2.2091 0.660782
26370000 2.2498 0.799997
26400000 2.56236 0.799074
26430000 2.51843 0.814794
26460000 2.56777 0.822575
26490000 2.76693 1.07286
26520000 3.15975 1.21802
26550000 3.20465 1.26182
26580000 3.4332 1.26241
26610000 3.50688 1.30773
26640000 3.48993 1.31806
26670000 3.74092 1.30264
26700000 4.03878 1.64038
26730000 4.36814 1.70102
26760000 4.71199 1.99665
26790000 5.49364 2.54893
26820000 6.22321 3.16504
26850000 6.60013 3.86499
26880000 7.63066 5.79385
26910000 8.58445 8.58445
26940000 0 0
26970000 0 0
