0 729.902 177.468
30000 221.245 56.8322
60000 81.0542 29.3794
90000 49.7597 21.8825
120000 36.6548 17.9682
150000 29.2303 15.2371
180000 24.3032 13.654
210000 20.9445 12.3662
240000 18.6042 11.3158
270000 16.8046 10.5411
300000 15.4095 9.8432
330000 14.3755 9.30251
360000 13.2973 8.73346
390000 12.4182 8.2276
420000 11.6841 8.17643
450000 11.2174 7.72339
480000 10.5128 7.29283
510000 10.0568 6.87645
540000 9.61336 6.57481
570000 9.09715 5.92044
600000 8.57708 5.15051
630000 8.26144 4.65476
660000 7.90435 4.50226
690000 7.62287 4.24041
720000 7.36508 4.09399
750000 7.12887 3.75726
780000 7.00617 3.73722
810000 6.81253 3.52581
840000 6.65194 3.46987
870000 6.45478 3.26542
900000 6.29313 2.99206
930000 6.19095 3.08409
960000 6.05872 2.82293
990000 5.9505 2.69897
1020000 5.80291 2.59739
1050000 5.70379 2.61636
1080000 5.57739 2.54398
1110000 5.44712 2.3381
1140000 5.32068 2.21073
1170000 5.29288 2.17526
1200000 5.14135 2.19867
1230000 4.99866 2.12191
1260000 4.91681 1.97085
1290000 4.79075 1.85629
1320000 4.75181 1.83037
1350000 4.66684 1.82828
1380000 4.58505 1.81055
1410000 4.47021 1.74656
1440000 4.41531 1.67435
1470000 4.33761 1.66892
1500000 4.25254 1.6883
1530000 4.14356 1.63553
1560000 4.11786 1.67367
1590000 4.01019 1.65531
1620000 4.04133 1.64723
1650000 3.9632 1.72145
1680000 3.9025 1.70778
1710000 3.87552 1.66394
1740000 3.8285 1.69078
1770000 3.74443 1.61959
1800000 3.6963 1.60784
1830000 3.63599 1.58717
1860000 3.5878 1.59498
1890000 3.57434 1.59208
1920000 3.54657 1.57898
1950000 3.47535 1.54858
1980000 3.44496 1.58651
2010000 3.40969 1.55267
2040000 3.33103 1.51953
2070000 3.30751 1.46364
2100000 3.27339 1.47302
2130000 3.31657 1.59422
2160000 3.23235 1.51684
2190000 3.21157 1.43447
2220000 3.13978 1.44571
2250000 3.09755 1.39076
2280000 3.0751 1.4237
2310000 3.07097 1.37314
2340000 3.04891 1.40185
2370000 2.99828 1.36315
2400000 2.9947 1.36616
2430000 2.93759 1.3033
2460000 2.91551 1.39836
2490000 2.88752 1.34098
2520000 2.88755 1.35538
2550000 2.81402 1.30841
2580000 2.84925 1.35975
2610000 2.79336 1.35583
2640000 2.75257 1.32104
2670000 2.75424 1.30242
2700000 2.69678 1.31837
2730000 2.71437 1.28561
2760000 2.69046 1.31301
2790000 2.63262 1.28193
2820000 2.6046 1.25208
2850000 2.58977 1.28588
2880000 2.60672 1.35073
2910000 2.53923 1.2616
2940000 2.56928 1.3148
2970000 2.48751 1.27562
3000000 2.47977 1.27601
3030000 2.46562 1.24393
3060000 2.39237 1.17048
3090000 2.39124 1.18682
3120000 2.44032 1.17908
3150000 2.38227 1.20681
3180000 2.3318 1.1422
3210000 2.33822 1.17822
3240000 2.30414 1.21261
3270000 2.325 1.21483
3300000 2.28416 1.15302
3330000 2.27299 1.15598
3360000 2.25036 1.12774
3390000 2.21838 1.14804
3420000 2.17911 1.11944
3450000 2.17286 1.15947
3480000 2.17963 1.1064
3510000 2.15597 1.1065
3540000 2.143 1.07017
3570000 2.07971 1.06707
3600000 2.08797 1.0842
3630000 2.07815 1.08871
3660000 2.04329 1.0772
3690000 2.02704 1.03822
3720000 1.98845 1.0412
3750000 1.98168 1.01499
3780000 1.98271 1.02351
3810000 1.97835 1.01704
3840000 1.96033 1.02157
3870000 1.9569 1.03805
3900000 1.9518 1.01656
3930000 1.91955 1.0026
3960000 1.89241 1.00139
3990000 1.87145 0.999154
4020000 1.87134 0.970252
4050000 1.89988 1.01803
4080000 1.8391 0.971505
4110000 1.8637 0.986663
4140000 1.82034 0.988669
4170000 1.85767 0.999963
4200000 1.8601 1.07571
4230000 1.8531 1.05293
4260000 1.8349 1.17339
4290000 1.87038 1.27479
4320000 1.92522 1.76895
4350000 2.04613 3.76537
4380000 1.91922 2.25976
4410000 1.92538 2.29225
4440000 2.11631 5.75914
4470000 1.96174 2.36922
4500000 1.87164 1.55173
4530000 1.86352 2.21242
4560000 1.79032 1.58351
4590000 1.74024 1.16458
4620000 1.71989 1.0559
4650000 1.69149 0.982596
4680000 1.65973 0.9082
4710000 1.66391 0.909099
4740000 1.62478 0.905547
4770000 1.62073 0.869842
4800000 1.58674 0.857973
4830000 1.59063 0.824308
4860000 1.59114 0.845394
4890000 1.53831 0.814394
4920000 1.54545 0.827633
4950000 1.55621 0.834511
4980000 1.51597 0.802843
5010000 1.51172 0.832007
5040000 1.47714 0.797024
5070000 1.51696 0.818952
5100000 1.44619 0.806587
5130000 1.46816 0.811608
5160000 1.45701 0.792195
5190000 1.44608 0.812781
5220000 1.44631 0.81012
5250000 1.42723 0.802206
5280000 1.41937 0.817107
5310000 1.38248 0.775725
5340000 1.39986 0.758502
5370000 1.41237 0.773811
5400000 1.37579 0.780805
5430000 1.37064 0.752949
5460000 1.36732 0.762305
5490000 1.36394 0.740175
5520000 1.34438 0.729452
5550000 1.33496 0.725559
5580000 1.30618 0.693417
5610000 1.31765 0.700935
5640000 1.29461 0.690662
5670000 1.29153 0.699464
5700000 1.27682 0.677039
5730000 1.29353 0.675388
5760000 1.24703 0.642874
5790000 1.24655 0.656197
5820000 1.22669 0.658205
5850000 1.20148 0.631677
5880000 1.18645 0.632611
5910000 1.18274 0.626336
5940000 1.1652 0.617261
5970000 1.16539 0.639672
6000000 1.177 0.598137
6030000 1.15794 0.603576
6060000 1.14246 0.609523
6090000 1.16426 0.617248
6120000 1.1114 0.606457
6150000 1.12025 0.596298
6180000 1.10278 0.595414
6210000 1.07486 0.579011
6240000 1.12585 0.600399
6270000 1.06183 0.575847
6300000 1.0932 0.5841
6330000 1.09638 0.583447
6360000 1.06778 0.572375
6390000 1.04701 0.565567
6420000 1.05681 0.54649
6450000 1.05126 0.582699
6480000 1.03838 0.578277
6510000 1.03029 0.541753
6540000 1.0447 0.542011
6570000 1.00839 0.539361
6600000 1.0092 0.550493
6630000 1.03854 0.557955
6660000 1.01587 0.555057
6690000 1.03198 0.535981
6720000 1.00012 0.527786
6750000 0.978304 0.513674
6780000 0.998496 0.515236
6810000 0.97691 0.507106
6840000 0.970434 0.514145
6870000 0.961488 0.514128
6900000 0.960001 0.525456
6930000 0.967434 0.514271
6960000 0.937048 0.506227
6990000 0.952602 0.529307
7020000 0.939446 0.508843
7050000 0.921902 0.494327
7080000 0.952438 0.525035
7110000 0.937404 0.498539
7140000 0.922092 0.531176
7170000 0.887279 0.511343
7200000 0.885405 0.490482
7230000 0.881511 0.512553
7260000 0.880343 0.521531
7290000 0.894249 0.50346
7320000 0.88053 0.515256
7350000 0.86776 0.501563
7380000 0.851603 0.473406
7410000 0.841875 0.495892
7440000 0.895423 0.502129
7470000 0.85077 0.510231
7500000 0.850362 0.49452
7530000 0.824985 0.493983
7560000 0.848471 0.50223
7590000 0.839858 0.515631
7620000 0.851783 0.514847
7650000 0.842145 0.501031
7680000 0.832563 0.499504
7710000 0.823312 0.493421
7740000 0.843306 0.498235
7770000 0.839804 0.494455
7800000 0.811414 0.481773
7830000 0.803046 0.481714
7860000 0.7888 0.48669
7890000 0.800487 0.489377
7920000 0.805287 0.486489
7950000 0.775552 0.449369
7980000 0.799197 0.479728
8010000 0.791379 0.485949
8040000 0.786716 0.461791
8070000 0.785836 0.453187
8100000 0.779676 0.472395
8130000 0.796325 0.475764
8160000 0.771313 0.454368
8190000 0.7603 0.448814
8220000 0.787064 0.460644
8250000 0.773484 0.487136
8280000 0.753626 0.45255
8310000 0.763103 0.490945
8340000 0.755212 0.459041
8370000 0.733742 0.465548
8400000 0.726869 0.442192
8430000 0.731021 0.433603
8460000 0.728563 0.463052
8490000 0.723962 0.464465
8520000 0.712753 0.434869
8550000 0.707645 0.447105
8580000 0.683084 0.44019
8610000 0.702381 0.46937
8640000 0.711632 0.433999
8670000 0.68572 0.425823
8700000 0.68154 0.440418
8730000 0.691249 0.431755
8760000 0.681072 0.427462
8790000 0.696939 0.436309
8820000 0.668062 0.416084
8850000 0.686758 0.41347
8880000 0.677797 0.398838
8910000 0.657402 0.380186
8940000 0.652672 0.400285
8970000 0.670657 0.413435
9000000 0.649692 0.403001
9030000 0.650056 0.386616
9060000 0.653089 0.386368
9090000 0.655999 0.380784
9120000 0.639686 0.365064
9150000 0.619838 0.372558
9180000 0.648468 0.366275
9210000 0.639396 0.35401
9240000 0.628328 0.376035
9270000 0.607084 0.350623
9300000 0.607602 0.360604
9330000 0.590183 0.34777
9360000 0.616475 0.380743
9390000 0.596464 0.356931
9420000 0.57158 0.344523
9450000 0.582564 0.342779
9480000 0.561471 0.343307
9510000 0.574256 0.323202
9540000 0.55776 0.354213
9570000 0.554576 0.351543
9600000 0.553279 0.336787
9630000 0.551145 0.350894
9660000 0.574943 0.355775
9690000 0.558057 0.345445
9720000 0.572185 0.347489
9750000 0.551693 0.337392
9780000 0.536379 0.316756
9810000 0.551089 0.367866
9840000 0.531798 0.323466
9870000 0.521031 0.303558
9900000 0.545423 0.327208
9930000 0.527087 0.312736
9960000 0.514081 0.327293
9990000 0.517601 0.302783
10020000 0.523134 0.318968
10050000 0.518743 0.312797
10080000 0.491173 0.300533
10110000 0.511995 0.311659
10140000 0.480294 0.281587
10170000 0.504642 0.279345
10200000 0.495477 0.297354
10230000 0.490503 0.295146
10260000 0.46828 0.275223
10290000 0.464371 0.278678
10320000 0.447404 0.275344
10350000 0.477101 0.281705
10380000 0.447696 0.284372
10410000 0.456466 0.277226
10440000 0.466604 0.29232
10470000 0.437056 0.289813
10500000 0.461638 0.298473
10530000 0.455524 0.28338
10560000 0.441493 0.266764
10590000 0.436092 0.265667
10620000 0.431848 0.258086
10650000 0.447537 0.278452
10680000 0.433097 0.287114
10710000 0.43298 0.303003
10740000 0.426475 0.273314
10770000 0.432317 0.257612
10800000 0.444292 0.284875
10830000 0.452202 0.314232
10860000 0.434638 0.279121
10890000 0.431459 0.268457
10920000 0.432821 0.278233
10950000 0.441 0.261824
10980000 0.43659 0.266373
11010000 0.432364 0.263371
11040000 0.447074 0.276325
11070000 0.442057 0.26385
11100000 0.448256 0.245074
11130000 0.42281 0.269739
11160000 0.422912 0.266656
11190000 0.412961 0.252119
11220000 0.420765 0.254744
11250000 0.429408 0.267553
11280000 0.430057 0.273614
11310000 0.402149 0.246759
11340000 0.422989 0.260148
11370000 0.409704 0.245182
11400000 0.437129 0.270684
11430000 0.406499 0.246223
11460000 0.419535 0.259142
11490000 0.408404 0.290787
11520000 0.410877 0.269948
11550000 0.402174 0.263942
11580000 0.415667 0.275399
11610000 0.418162 0.258872
11640000 0.40201 0.267811
11670000 0.413849 0.281947
11700000 0.4241 0.279543
11730000 0.405535 0.281392
11760000 0.413574 0.26399
11790000 0.398082 0.273229
11820000 0.396406 0.273437
11850000 0.419315 0.285869
11880000 0.405399 0.27848
11910000 0.387348 0.287074
11940000 0.384074 0.273404
11970000 0.403628 0.275853
12000000 0.400568 0.268521
12030000 0.400049 0.284734
12060000 0.399447 0.264833
12090000 0.397029 0.289992
12120000 0.408575 0.304187
12150000 0.399593 0.300641
12180000 0.421584 0.297475
12210000 0.413611 0.281798
12240000 0.387466 0.261289
12270000 0.417437 0.292131
12300000 0.423465 0.290809
12330000 0.395525 0.299487
12360000 0.404645 0.291866
12390000 0.418947 0.341045
12420000 0.413422 0.314994
12450000 0.403953 0.2968
12480000 0.422575 0.31502
12510000 0.390413 0.275873
12540000 0.397263 0.307083
12570000 0.401808 0.302221
12600000 0.399055 0.303518
12630000 0.392827 0.280966
12660000 0.379634 0.310202
12690000 0.395466 0.295593
12720000 0.404749 0.303674
12750000 0.39328 0.285632
12780000 0.435461 0.313922
12810000 0.415734 0.312773
12840000 0.40085 0.290912
12870000 0.400931 0.356646
12900000 0.40226 0.289509
12930000 0.382521 0.293521
12960000 0.37984 0.291783
12990000 0.381827 0.272673
13020000 0.405138 0.302117
13050000 0.39429 0.325463
13080000 0.390435 0.308819
13110000 0.379492 0.303364
13140000 0.372925 0.297017
13170000 0.393934 0.312168
13200000 0.391192 0.304007
13230000 0.380638 0.295858
13260000 0.397762 0.306986
13290000 0.38251 0.287941
13320000 0.417205 0.29388
13350000 0.398352 0.304408
13380000 0.383783 0.309335
13410000 0.384265 0.324141
13440000 0.410912 0.328931
13470000 0.421745 0.313228
13500000 0.411953 0.305273
13530000 0.391086 0.305798
13560000 0.392974 0.317282
13590000 0.390023 0.299284
13620000 0.409439 0.298256
13650000 0.38661 0.292413
13680000 0.402122 0.31869
13710000 0.389031 0.301217
13740000 0.397195 0.321342
13770000 0.382678 0.306923
13800000 0.377844 0.293999
13830000 0.385617 0.278251
13860000 0.402051 0.29087
13890000 0.383162 0.282933
13920000 0.379492 0.29088
13950000 0.377046 0.289511
13980000 0.393898 0.292366
14010000 0.414146 0.314892
14040000 0.387598 0.288212
14070000 0.369596 0.257817
14100000 0.351536 0.254467
14130000 0.408941 0.302444
14160000 0.411895 0.287104
14190000 0.376234 0.285
14220000 0.367005 0.257862
14250000 0.391484 0.284038
14280000 0.38202 0.278988
14310000 0.384564 0.274382
14340000 0.362046 0.260291
14370000 0.403798 0.305113
14400000 0.400112 0.281474
14430000 0.366182 0.267667
14460000 0.360396 0.261019
14490000 0.373313 0.276501
14520000 0.380606 0.296935
14550000 0.413676 0.317313
14580000 0.37711 0.29113
14610000 0.409645 0.286089
14640000 0.410351 0.337057
14670000 0.390876 0.28962
14700000 0.392504 0.295374
14730000 0.415091 0.283769
14760000 0.39826 0.294375
14790000 0.418611 0.330061
14820000 0.414355 0.321967
14850000 0.427681 0.335183
14880000 0.425977 0.324755
14910000 0.447924 0.321033
14940000 0.435427 0.331594
14970000 0.432121 0.32613
15000000 0.460049 0.310607
15030000 0.433167 0.288503
15060000 0.470303 0.335093
15090000 0.447463 0.297455
15120000 0.443517 0.298044
15150000 0.429923 0.303353
15180000 0.43456 0.304981
15210000 0.44779 0.282001
15240000 0.424578 0.290752
15270000 0.46761 0.330212
15300000 0.438206 0.275204
15330000 0.473528 0.333278
15360000 0.466069 0.313738
15390000 0.46103 0.331469
15420000 0.484365 0.311695
15450000 0.472181 0.326776
15480000 0.465892 0.290957
15510000 0.470898 0.309155
15540000 0.45934 0.289193
15570000 0.491896 0.288301
15600000 0.464509 0.296775
15630000 0.525484 0.332041
15660000 0.485033 0.290604
15690000 0.48784 0.279754
15720000 0.497262 0.30945
15750000 0.510663 0.310111
15780000 0.492981 0.327434
15810000 0.526591 0.325687
15840000 0.535772 0.313557
15870000 0.525871 0.329152
15900000 0.530772 0.366398
15930000 0.476859 0.29768
15960000 0.540984 0.327281
15990000 0.510199 0.322446
16020000 0.497629 0.299897
16050000 0.518519 0.295827
16080000 0.540316 0.323898
16110000 0.514686 0.298822
16140000 0.537876 0.331532
16170000 0.518098 0.351759
16200000 0.536368 0.325532
16230000 0.525191 0.347692
16260000 0.560621 0.329125
16290000 0.564409 0.312012
16320000 0.549972 0.351038
16350000 0.515156 0.302703
16380000 0.518056 0.316931
16410000 0.582344 0.341253
16440000 0.541283 0.359719
16470000 0.520293 0.285622
16500000 0.600887 0.345322
16530000 0.586772 0.314637
16560000 0.595926 0.325147
16590000 0.600389 0.338889
16620000 0.626401 0.335193
16650000 0.595739 0.320878
16680000 0.623849 0.262346
16710000 0.637888 0.328154
16740000 0.624877 0.353737
16770000 0.605289 0.345411
16800000 0.629059 0.322669
16830000 0.659163 0.293466
16860000 0.645773 0.267657
16890000 0.713659 0.33501
16920000 0.702886 0.300137
16950000 0.699706 0.275358
16980000 0.767849 0.321859
17010000 0.718568 0.252242
17040000 0.745097 0.256031
17070000 0.788904 0.271143
17100000 0.700912 0.264399
17130000 0.779682 0.3366
17160000 0.76272 0.262628
17190000 0.757258 0.294017
17220000 0.757966 0.324975
17250000 0.75091 0.28001
17280000 0.689904 0.231961
17310000 0.776501 0.304317
17340000 0.815126 0.328512
17370000 0.789138 0.259214
17400000 0.845362 0.314396
17430000 0.783532 0.314047
17460000 0.825572 0.275388
17490000 0.853037 0.395781
17520000 0.857046 0.279965
17550000 0.819596 0.389342
17580000 0.906853 0.351234
17610000 0.910923 0.328524
17640000 0.954872 0.349903
17670000 0.931498 0.382207
17700000 1.00982 0.381518
17730000 0.986219 0.293664
17760000 0.90401 0.319739
17790000 1.03215 0.374587
17820000 1.00637 0.409191
17850000 0.975684 0.409783
17880000 1.11245 0.413905
17910000 1.04698 0.450818
17940000 1.12445 0.464882
17970000 1.1514 0.485859
18000000 1.28622 0.506495
18030000 1.21073 0.458454
18060000 1.40888 0.494317
18090000 1.37922 0.572519
18120000 1.26453 0.493333
18150000 1.281 0.549815
18180000 1.42334 0.616229
18210000 1.33884 0.662706
18240000 1.42271 0.60256
18270000 1.35944 0.555751
18300000 1.55916 0.713094
18330000 1.64454 0.556433
18360000 1.46159 0.346457
18390000 1.62729 0.561844
18420000 1.45902 0.454863
18450000 1.81199 0.402718
18480000 1.63281 0.446784
18510000 1.782 0.394495
18540000 1.62658 0.202755
18570000 1.98881 0
