0 737.733 183.212
30000 219.729 57.2843
60000 81.2483 28.047
90000 49.6156 19.7754
120000 36.4689 16.4688
150000 29.2136 13.9338
180000 24.4468 11.8827
210000 21.1696 10.7779
240000 18.7762 9.75815
270000 17.1138 9.13732
300000 15.5932 8.46713
330000 14.5232 7.949
360000 13.6014 7.68376
390000 12.9106 7.44988
420000 12.3827 7.27686
450000 11.6748 6.96497
480000 11.1392 6.45268
510000 10.6101 5.92836
540000 10.1651 5.49523
570000 9.75153 5.61767
600000 9.34187 5.33679
630000 9.05852 5.38472
660000 8.76357 5.12909
690000 8.47983 4.91851
720000 8.25085 4.52531
750000 8.00344 4.36509
780000 7.70135 4.01844
810000 7.52687 4.07294
840000 7.34941 3.96939
870000 7.18271 3.88145
900000 7.05337 3.53309
930000 6.84677 3.16795
960000 6.6523 2.9823
990000 6.50784 2.83223
1020000 6.42105 2.82022
1050000 6.3268 2.93433
1080000 6.26588 3.19696
1110000 6.22717 4.1049
1140000 6.50676 10.9623
1170000 6.21077 7.75937
1200000 5.90076 3.83017
1230000 5.68371 2.93932
1260000 5.53042 2.57001
1290000 5.37007 2.3547
1320000 5.30587 2.29201
1350000 5.17079 2.11804
1380000 5.10126 2.15321
1410000 4.95853 1.94664
1440000 4.92745 1.8776
1470000 4.83359 1.79334
1500000 4.74132 1.75533
1530000 4.70246 1.74068
1560000 4.61116 1.63183
1590000 4.52117 1.57358
1620000 4.48673 1.60996
1650000 4.35987 1.59783
1680000 4.34432 1.62924
1710000 4.24096 1.58025
1740000 4.2327 1.6055
1770000 4.12111 1.54194
1800000 4.02918 1.5589
1830000 4.01181 1.57673
1860000 3.92373 1.49653
1890000 3.87367 1.42701
1920000 3.77788 1.41229
1950000 3.70946 1.32976
1980000 3.64986 1.29658
2010000 3.62074 1.31255
2040000 3.5755 1.30573
2070000 3.53746 1.29754
2100000 3.47163 1.28484
2130000 3.47073 1.30915
2160000 3.41054 1.33728
2190000 3.32828 1.29866
2220000 3.32973 1.305
2250000 3.24459 1.28615
2280000 3.25268 1.29985
2310000 3.19919 1.33291
2340000 3.18791 1.28279
2370000 3.11102 1.28783
2400000 3.08967 1.28101
2430000 3.05451 1.28814
2460000 2.97721 1.27146
2490000 2.93445 1.24581
2520000 2.91061 1.24568
2550000 2.9001 1.24967
2580000 2.84523 1.21433
2610000 2.83426 1.25293
2640000 2.79678 1.27585
2670000 2.77249 1.24729
2700000 2.75956 1.3006
2730000 2.75553 1.32473
2760000 2.68825 1.27251
2790000 2.69491 1.26004
2820000 2.67126 1.21821
2850000 2.62882 1.2583
2880000 2.61527 1.27996
2910000 2.55085 1.2336
2940000 2.50814 1.18753
2970000 2.49295 1.19662
3000000 2.4417 1.17602
3030000 2.43966 1.18258
3060000 2.40938 1.20047
3090000 2.36109 1.18003
3120000 2.35596 1.15085
3150000 2.30647 1.1153
3180000 2.27768 1.13702
3210000 2.26083 1.128
3240000 2.23972 1.11805
3270000 2.2232 1.08794
3300000 2.17939 1.12015
3330000 2.18929 1.12246
3360000 2.14068 1.09647
3390000 2.11792 1.08475
3420000 2.13282 1.10519
3450000 2.11791 1.18992
3480000 2.08413 1.11752
3510000 2.03996 1.06613
3540000 2.02101 1.06271
3570000 2.00198 1.07001
3600000 1.97366 1.02926
3630000 1.98215 1.07534
3660000 1.96448 1.08691
3690000 1.9712 1.07795
3720000 1.90024 1.05347
3750000 1.89733 1.05967
3780000 1.85709 1.03981
3810000 1.84531 1.00742
3840000 1.80783 0.975576
3870000 1.80517 1.00404
3900000 1.77549 0.984627
3930000 1.77192 0.980702
3960000 1.78321 0.994278
3990000 1.76074 0.985616
4020000 1.73335 0.979176
4050000 1.69079 0.951968
4080000 1.68918 0.930017
4110000 1.67241 0.986315
4140000 1.64854 0.936055
4170000 1.62691 0.944617
4200000 1.61132 0.923733
4230000 1.58978 0.910643
4260000 1.57587 0.895341
4290000 1.57833 0.910359
4320000 1.55331 0.879208
4350000 1.52273 0.869917
4380000 1.50711 0.860127
4410000 1.50518 0.867779
4440000 1.50024 0.858432
4470000 1.47165 0.834121
4500000 1.47704 0.834062
4530000 1.43182 0.833818
4560000 1.44267 0.868745
4590000 1.43335 0.826008
4620000 1.41029 0.831674
4650000 1.41867 0.824956
4680000 1.36104 0.80692
4710000 1.36338 0.816318
4740000 1.37367 0.7995
4770000 1.34126 0.80063
4800000 1.32055 0.773115
4830000 1.31274 0.768383
4860000 1.29621 0.752931
4890000 1.28615 0.754728
4920000 1.28369 0.731636
4950000 1.27917 0.757156
4980000 1.25192 0.725812
5010000 1.25726 0.720215
5040000 1.23411 0.697221
5070000 1.23209 0.758347
5100000 1.21157 0.716659
5130000 1.19892 0.70084
5160000 1.17534 0.694817
5190000 1.18089 0.698779
5220000 1.20109 0.680164
5250000 1.1723 0.711837
5280000 1.1739 0.694456
5310000 1.17906 0.694315
5340000 1.14426 0.693706
5370000 1.11771 0.688676
5400000 1.10632 0.677975
5430000 1.11415 0.681706
5460000 1.13175 0.677403
5490000 1.0855 0.682766
5520000 1.10301 0.692814
5550000 1.11119 0.694957
5580000 1.08329 0.664049
5610000 1.07137 0.679693
5640000 1.08402 0.737069
5670000 1.08424 0.725885
5700000 1.08693 0.771783
5730000 1.10811 0.842407
5760000 1.09051 1.00172
5790000 1.198 2.87774
5820000 1.19878 2.42586
5850000 1.23713 3.84436
5880000 1.14268 1.97525
5910000 1.07841 1.27774
5940000 1.03093 0.978279
5970000 0.996663 0.754115
6000000 0.996973 0.69399
6030000 1.00018 0.69968
6060000 0.966646 0.677239
6090000 0.939295 0.630316
6120000 0.936257 0.591857
6150000 0.922959 0.579976
6180000 0.89705 0.602435
6210000 0.898854 0.586458
6240000 0.874571 0.55378
6270000 0.877049 0.542555
6300000 0.883365 0.531591
6330000 0.84467 0.524811
6360000 0.877605 0.560106
6390000 0.832546 0.513771
6420000 0.827445 0.491959
6450000 0.832405 0.479358
6480000 0.808102 0.477
6510000 0.806999 0.453954
6540000 0.785036 0.454879
6570000 0.799483 0.453108
6600000 0.776884 0.459416
6630000 0.780093 0.456068
6660000 0.763615 0.423114
6690000 0.749163 0.414035
6720000 0.747487 0.411705
6750000 0.732229 0.405313
6780000 0.717988 0.411337
6810000 0.716313 0.401219
6840000 0.704865 0.386098
6870000 0.71453 0.398686
6900000 0.705294 0.384297
6930000 0.675055 0.377713
6960000 0.663241 0.352474
6990000 0.687583 0.372456
7020000 0.671861 0.361395
7050000 0.670559 0.380068
7080000 0.656874 0.364349
7110000 0.671051 0.372681
7140000 0.636832 0.361155
7170000 0.640228 0.374546
7200000 0.658006 0.380966
7230000 0.644807 0.370536
7260000 0.627853 0.346384
7290000 0.616147 0.356886
7320000 0.616235 0.359555
7350000 0.615766 0.357418
7380000 0.609656 0.335129
7410000 0.616351 0.342822
7440000 0.615247 0.33264
7470000 0.601007 0.327594
7500000 0.611581 0.344446
7530000 0.612507 0.346566
7560000 0.594387 0.348327
7590000 0.579973 0.333415
7620000 0.590638 0.33502
7650000 0.579134 0.330723
7680000 0.590896 0.332209
7710000 0.58699 0.339328
7740000 0.589938 0.326666
7770000 0.572951 0.317481
7800000 0.576303 0.324809
7830000 0.564915 0.317002
7860000 0.572169 0.323079
7890000 0.577302 0.318058
7920000 0.579779 0.34127
7950000 0.558092 0.329493
7980000 0.557139 0.328557
8010000 0.565539 0.329673
8040000 0.561108 0.32335
8070000 0.541364 0.305487
8100000 0.549116 0.316834
8130000 0.547011 0.317837
8160000 0.53213 0.311488
8190000 0.543582 0.32498
8220000 0.535995 0.329967
8250000 0.540075 0.335775
8280000 0.532687 0.332994
8310000 0.530854 0.32341
8340000 0.522139 0.315897
8370000 0.530452 0.329552
8400000 0.532553 0.338629
8430000 0.527027 0.338543
8460000 0.5227 0.32191
8490000 0.516025 0.331649
8520000 0.512248 0.317673
8550000 0.506513 0.321094
8580000 0.501436 0.313542
8610000 0.51938 0.327222
8640000 0.518916 0.321976
8670000 0.50143 0.305526
8700000 0.507795 0.321395
8730000 0.518362 0.32553
8760000 0.498675 0.315069
8790000 0.501978 0.313517
8820000 0.515489 0.316284
8850000 0.491352 0.304962
8880000 0.503373 0.324799
8910000 0.492391 0.31459
8940000 0.49273 0.321409
8970000 0.509914 0.32593
9000000 0.507945 0.329446
9030000 0.502213 0.31293
9060000 0.492534 0.324924
9090000 0.491772 0.318718
9120000 0.479154 0.304508
9150000 0.500303 0.323486
9180000 0.485129 0.306786
9210000 0.494822 0.325185
9240000 0.483485 0.310225
9270000 0.496242 0.336043
9300000 0.48659 0.31994
9330000 0.495697 0.304118
9360000 0.491588 0.316166
9390000 0.493094 0.307431
9420000 0.46809 0.281705
9450000 0.482821 0.292139
9480000 0.47082 0.289123
9510000 0.482143 0.303863
9540000 0.486963 0.300712
9570000 0.477489 0.304548
9600000 0.464733 0.292682
9630000 0.483296 0.393416
9660000 0.476926 0.311024
9690000 0.461824 0.304879
9720000 0.467698 0.298197
9750000 0.460671 0.298533
9780000 0.467275 0.293509
9810000 0.455772 0.296938
9840000 0.469893 0.301388
9870000 0.462905 0.290841
9900000 0.457045 0.288096
9930000 0.458041 0.300226
9960000 0.443677 0.284343
9990000 0.465809 0.286697
10020000 0.439713 0.273095
10050000 0.452556 0.28205
10080000 0.44513 0.289677
10110000 0.443438 0.28462
10140000 0.445714 0.371142
10170000 0.454015 0.299144
10200000 0.43432 0.266158
10230000 0.468066 0.305153
10260000 0.452032 0.292768
10290000 0.457169 0.280783
10320000 0.448649 0.28264
10350000 0.440867 0.289392
10380000 0.443893 0.298252
10410000 0.454315 0.29276
10440000 0.445912 0.286853
10470000 0.441958 0.280086
10500000 0.435633 0.299677
10530000 0.452497 0.300966
10560000 0.443497 0.275892
10590000 0.443197 0.298757
10620000 0.452535 0.270086
10650000 0.440764 0.291395
10680000 0.449831 0.309012
10710000 0.452623 0.306067
10740000 0.449209 0.295695
10770000 0.451231 0.30443
10800000 0.439015 0.307593
10830000 0.443792 0.297507
10860000 0.44549 0.300199
10890000 0.450208 0.299997
10920000 0.454822 0.295002
10950000 0.446936 0.307299
10980000 0.43812 0.297835
11010000 0.454272 0.325094
11040000 0.438355 0.296008
11070000 0.434041 0.302433
11100000 0.451979 0.30873
11130000 0.438771 0.293488
11160000 0.432851 0.30335
11190000 0.444339 0.307267
11220000 0.450027 0.306341
11250000 0.447911 0.315554
11280000 0.440267 0.288983
11310000 0.447045 0.295846
11340000 0.42521 0.287619
11370000 0.453031 0.30669
11400000 0.457265 0.301439
11430000 0.447681 0.30675
11460000 0.45379 0.301324
11490000 0.437348 0.317479
11520000 0.457274 0.318056
11550000 0.465444 0.30782
11580000 0.441242 0.309408
11610000 0.426023 0.283201
11640000 0.461324 0.321436
11670000 0.451612 0.296928
11700000 0.425046 0.294258
11730000 0.454582 0.311271
11760000 0.470322 0.311237
11790000 0.448794 0.303416
11820000 0.454803 0.314302
11850000 0.435867 0.301089
11880000 0.453618 0.313259
11910000 0.458314 0.325566
11940000 0.443882 0.307901
11970000 0.456958 0.302797
12000000 0.46573 0.316171
12030000 0.44437 0.300739
12060000 0.468256 0.331141
12090000 0.452393 0.304372
12120000 0.454134 0.313854
12150000 0.456428 0.318201
12180000 0.463884 0.313847
12210000 0.468034 0.307412
12240000 0.456294 0.329805
12270000 0.460282 0.33095
12300000 0.466151 0.316119
12330000 0.46816 0.325216
12360000 0.472042 0.341761
12390000 0.485825 0.329477
12420000 0.475758 0.318874
12450000 0.48469 0.327422
12480000 0.497668 0.34036
12510000 0.47146 0.325516
12540000 0.484025 0.320368
12570000 0.482897 0.342316
12600000 0.49372 0.338859
12630000 0.474369 0.320039
12660000 0.486055 0.325135
12690000 0.485405 0.305383
12720000 0.499076 0.325303
12750000 0.497914 0.333731
12780000 0.507948 0.347925
12810000 0.489056 0.338159
12840000 0.502347 0.337568
12870000 0.507683 0.325118
12900000 0.501584 0.332457
12930000 0.516406 0.317117
12960000 0.507383 0.34544
12990000 0.5186 0.35374
13020000 0.53281 0.345448
13050000 0.523199 0.344095
13080000 0.523751 0.353879
13110000 0.513866 0.337928
13140000 0.508192 0.341743
13170000 0.529094 0.340418
13200000 0.544413 0.362645
13230000 0.528587 0.343957
13260000 0.520337 0.337969
13290000 0.513392 0.32526
13320000 0.537404 0.332365
13350000 0.526813 0.340057
13380000 0.538237 0.36243
13410000 0.562585 0.362027
13440000 0.53423 0.340286
13470000 0.534465 0.349921
13500000 0.557268 0.365056
13530000 0.569021 0.41341
13560000 0.567614 0.504967
13590000 0.606302 0.902489
13620000 0.625268 1.13666
13650000 0.558821 0.430772
13680000 0.553276 0.371471
13710000 0.543636 0.355176
13740000 0.556904 0.339432
13770000 0.556159 0.343989
13800000 0.558173 0.357445
13830000 0.547531 0.366453
13860000 0.552606 0.32668
13890000 0.54663 0.363538
13920000 0.543434 0.345395
13950000 0.553005 0.498012
13980000 0.55677 0.34755
14010000 0.562601 0.368863
14040000 0.552928 0.344413
14070000 0.548536 0.330449
14100000 0.5628 0.363232
14130000 0.567968 0.352725
14160000 0.574491 0.343601
14190000 0.560872 0.35973
14220000 0.549922 0.331337
14250000 0.580699 0.361932
14280000 0.561284 0.360622
14310000 0.580093 0.359117
14340000 0.574506 0.355452
14370000 0.600639 0.342493
14400000 0.58832 0.354067
14430000 0.590233 0.357217
14460000 0.589583 0.358949
14490000 0.586621 0.33313
14520000 0.590999 0.352787
14550000 0.607568 0.358523
14580000 0.592924 0.377467
14610000 0.580247 0.367052
14640000 0.60786 0.374247
14670000 0.622779 0.414039
14700000 0.659633 0.583358
14730000 0.689227 0.856514
14760000 0.735748 1.68197
14790000 0.638772 0.530461
14820000 0.633063 0.385058
14850000 0.60709 0.354588
14880000 0.634121 0.371228
14910000 0.603031 0.356839
14940000 0.616108 0.362816
14970000 0.603474 0.366119
15000000 0.641139 0.376064
15030000 0.648209 0.377154
15060000 0.631847 0.378807
15090000 0.633669 0.371799
15120000 0.631339 0.381597
15150000 0.617973 0.364935
15180000 0.641508 0.36445
15210000 0.614514 0.349612
15240000 0.597416 0.328724
15270000 0.620432 0.353302
15300000 0.634943 0.368197
15330000 0.621109 0.351148
15360000 0.621158 0.356751
15390000 0.621145 0.343298
15420000 0.650346 0.369275
15450000 0.622009 0.342414
15480000 0.614566 0.345242
15510000 0.639412 0.342046
15540000 0.635717 0.339121
15570000 0.632352 0.357466
15600000 0.633852 0.342631
15630000 0.615459 0.336798
15660000 0.630531 0.343561
15690000 0.649778 0.356872
15720000 0.645319 0.327102
15750000 0.65525 0.357144
15780000 0.674522 0.351689
15810000 0.646456 0.346585
15840000 0.64142 0.339274
15870000 0.664153 0.35377
15900000 0.683197 0.326359
15930000 0.646371 0.333497
15960000 0.67073 0.346857
15990000 0.70094 0.345883
16020000 0.698199 0.349169
16050000 0.694441 0.335408
16080000 0.712974 0.365998
16110000 0.670145 0.333434
16140000 0.659892 0.334447
16170000 0.683729 0.307748
16200000 0.693675 0.347157
16230000 0.71419 0.342112
16260000 0.688924 0.32253
16290000 0.708423 0.332544
16320000 0.683298 0.339297
16350000 0.691546 0.317774
16380000 0.694857 0.329764
16410000 0.717388 0.334397
16440000 0.715304 0.330759
16470000 0.717849 0.341266
16500000 0.700054 0.330955
16530000 0.694784 0.344488
16560000 0.718812 0.327126
16590000 0.743668 0.322501
16620000 0.712214 0.322058
16650000 0.71772 0.353447
16680000 0.761659 0.338857
16710000 0.767692 0.365591
16740000 0.739421 0.358511
16770000 0.71286 0.315337
16800000 0.713495 0.311609
16830000 0.7188 0.318469
16860000 0.714663 0.30821
16890000 0.747178 0.322515
16920000 0.73184 0.32044
16950000 0.750388 0.336537
16980000 0.714355 0.303002
17010000 0.768196 0.33853
17040000 0.725581 0.302017
17070000 0.740024 0.298663
17100000 0.768977 0.314506
17130000 0.750726 0.340671
17160000 0.762675 0.326561
17190000 0.774136 0.32154
17220000 0.766381 0.327124
17250000 0.712197 0.296557
17280000 0.734628 0.310332
17310000 0.73526 0.310682
17340000 0.74536 0.310161
17370000 0.755515 0.292826
17400000 0.746153 0.316838
17430000 0.736587 0.296858
17460000 0.768021 0.303223
17490000 0.763023 0.300633
17520000 0.767979 0.315305
17550000 0.800362 0.322023
17580000 0.772478 0.298463
17610000 0.763632 0.306397
17640000 0.776583 0.300743
17670000 0.765018 0.291433
17700000 0.785854 0.297281
17730000 0.754761 0.307333
17760000 0.792089 0.321022
17790000 0.783207 0.3162
17820000 0.788196 0.299948
17850000 0.791728 0.305534
17880000 0.804469 0.304448
17910000 0.785165 0.305242
17940000 0.829385 0.307252
17970000 0.791849 0.314386
18000000 0.811734 0.299003
18030000 0.837022 0.330092
18060000 0.79997 0.284825
18090000 0.827813 0.302249
18120000 0.848917 0.328547
18150000 0.830927 0.314346
18180000 0.845749 0.304939
18210000 0.874107 0.327868
18240000 0.806023 0.315581
18270000 0.856292 0.300567
18300000 0.835064 0.309401
18330000 0.828447 0.308645
18360000 0.878507 0.328916
18390000 0.84591 0.339689
18420000 0.861733 0.325537
18450000 0.845346 0.317406
18480000 0.840191 0.326384
18510000 0.856522 0.338483
18540000 0.866434 0.348777
18570000 0.877544 0.342617
18600000 0.873891 0.331644
18630000 0.8992 0.360771
18660000 0.881337 0.330185
18690000 0.885695 0.332065
18720000 0.893802 0.320913
18750000 0.867071 0.346961
18780000 0.85635 0.336837
18810000 0.901168 0.34564
18840000 0.857981 0.345345
18870000 0.927763 0.330134
18900000 0.916566 0.339834
18930000 0.902376 0.300141
18960000 0.911593 0.347914
18990000 0.925638 0.317624
19020000 0.939567 0.330539
19050000 0.917572 0.332006
19080000 0.946017 0.315974
19110000 0.964969 0.355125
19140000 0.918761 0.35507
19170000 0.952086 0.407524
19200000 0.972521 0.361109
19230000 1.00083 0.364814
19260000 0.993053 0.38344
19290000 0.954635 0.375099
19320000 1.04637 0.412169
19350000 1.00464 0.420615
19380000 1.06747 0.695151
19410000 1.15181 1.04218
19440000 1.20683 1.76531
19470000 1.24443 2.28108
19500000 1.11342 0.770831
19530000 0.975568 0.470818
19560000 1.03228 0.392998
19590000 1.01116 0.36956
19620000 1.02349 0.40638
19650000 1.05721 0.399772
19680000 1.02153 0.369036
19710000 0.969721 0.385889
19740000 0.969626 0.356336
19770000 1.00891 0.354045
19800000 1.0154 0.338629
19830000 0.980516 0.364259
19860000 0.994867 0.34271
19890000 0.990412 0.341306
19920000 1.00034 0.350795
19950000 0.93636 0.358556
19980000 1.0135 0.355605
20010000 0.988386 0.360503
20040000 1.02549 0.390046
20070000 1.01666 0.352888
20100000 0.950421 0.327144
20130000 1.04061 0.314894
20160000 0.926444 0.335127
20190000 0.932738 0.349756
20220000 1.03178 0.344532
20250000 0.978047 0.344876
20280000 1.02792 0.428742
20310000 1.03651 0.374921
20340000 1.04251 0.369429
20370000 1.042 0.395183
20400000 1.0789 0.436955
20430000 1.14996 0.437438
20460000 1.1059 0.476601
20490000 1.21132 0.714599
20520000 1.30102 1.23504
20550000 1.7329 4.18673
20580000 1.55155 2.28896
20610000 1.92395 5.56633
20640000 1.48076 1.68025
20670000 1.2407 0.877941
20700000 1.276 0.602665
20730000 1.22214 0.545449
20760000 1.09742 0.408535
20790000 1.15839 0.438173
20820000 1.14678 0.409239
20850000 1.11053 0.361133
20880000 1.16381 0.414181
20910000 1.10592 0.391795
20940000 1.12222 0.45564
20970000 1.10862 0.399034
21000000 1.09807 0.410521
21030000 1.14281 0.391727
21060000 1.13563 0.40366
21090000 1.04043 0.363271
21120000 1.08029 0.39885
21150000 1.12089 0.490063
21180000 1.04915 0.436236
21210000 1.05983 0.418015
21240000 1.08264 0.392755
21270000 1.01888 0.385815
21300000 1.04828 0.380972
21330000 1.08921 0.365814
21360000 1.13896 0.41237
21390000 1.0624 0.385323
21420000 1.04855 0.382403
21450000 1.06348 0.410125
21480000 1.13523 0.44443
21510000 1.10997 0.411372
21540000 1.16917 0.430257
21570000 1.08326 0.354955
21600000 1.09639 0.369807
21630000 1.08082 0.370093
21660000 1.13214 0.370608
21690000 1.11211 0.433866
21720000 1.1731 0.425686
21750000 1.20602 0.418923
21780000 1.17904 0.408676
21810000 1.2094 0.465061
21840000 1.22558 0.40043
21870000 1.27777 0.448933
21900000 1.16277 0.415519
21930000 1.25918 0.434345
21960000 1.25511 0.426988
21990000 1.25054 0.374218
22020000 1.2294 0.443858
22050000 1.24372 0.419636
22080000 1.31394 0.378205
22110000 1.34687 0.422658
22140000 1.25331 0.380965
22170000 1.26502 0.369448
22200000 1.25829 0.406817
22230000 1.28348 0.309386
22260000 1.4296 0.385902
22290000 1.34583 0.459479
22320000 1.41677 0.412292
22350000 1.34828 0.42583
22380000 1.43265 0.381351
22410000 1.44454 0.416292
22440000 1.47492 0.406805
22470000 1.4835 0.455973
22500000 1.4672 0.428556
22530000 1.51779 0.379402
22560000 1.6333 0.506529
22590000 1.73055 0.389469
22620000 1.83931 0.401743
22650000 1.73722 0.390715
22680000 1.91522 0.599408
22710000 2.01579 0.565721
22740000 2.01697 0.439506
22770000 2.1911 0.56126
22800000 2.26719 0.536443
22830000 2.20724 0.556399
22860000 2.49935 0.452305
22890000 2.56884 0.686643
22920000 2.62292 0.766584
22950000 2.81282 0.626956
22980000 2.77464 0.816946
23010000 2.86843 0.846453
23040000 3.34483 0.931506
23070000 3.4464 1.1449
23100000 3.86383 1.11922
23130000 4.16322 1.11824
23160000 4.83977 1.036
23190000 5.04623 1.21191
23220000 5.49672 1.0624
23250000 6.39712 1.48414
23280000 7.00253 1.31261
23310000 9.29402 2.22285
23340000 12.5171 2.1935
23370000 17.8438 2.76985
23400000 25.8439 1.8734
23430000 59.5529 0
