30000 15.2371 3.90129
60000 5.52838 1.88413
90000 3.33382 1.33365
120000 2.41772 1.0742
150000 1.91142 0.904126
180000 1.5857 0.775496
210000 1.36698 0.698069
240000 1.21255 0.636248
270000 1.09557 0.584025
300000 1 0.542732
330000 0.927613 0.504316
360000 0.860434 0.470254
390000 0.809479 0.447001
420000 0.765756 0.434139
450000 0.725526 0.41177
480000 0.690333 0.389964
510000 0.660347 0.365302
540000 0.631933 0.345197
570000 0.606279 0.337116
600000 0.581107 0.320469
630000 0.561795 0.304204
660000 0.542411 0.289296
690000 0.523926 0.272439
720000 0.506439 0.255391
750000 0.492758 0.245999
780000 0.481029 0.235151
810000 0.467403 0.229179
840000 0.455303 0.222363
870000 0.443939 0.212496
900000 0.433197 0.200618
930000 0.424468 0.193637
960000 0.414371 0.185235
990000 0.404741 0.176718
1020000 0.397716 0.169976
1050000 0.389679 0.168793
1080000 0.381491 0.169013
1110000 0.376074 0.183881
1140000 0.374799 0.36542
1170000 0.364944 0.271302
1200000 0.355461 0.168634
1230000 0.349212 0.148699
1260000 0.341173 0.14068
1290000 0.335014 0.134821
1320000 0.330686 0.130039
1350000 0.325264 0.124858
1380000 0.320744 0.125457
1410000 0.315328 0.120506
1440000 0.31086 0.119355
1470000 0.305808 0.116654
1500000 0.302167 0.116628
1530000 0.298293 0.115886
1560000 0.293974 0.112299
1590000 0.28954 0.110951
1620000 0.287616 0.111157
1650000 0.281213 0.110962
1680000 0.27704 0.109028
1710000 0.274294 0.106528
1740000 0.271053 0.10614
1770000 0.265382 0.103489
1800000 0.261681 0.101874
1830000 0.259217 0.101786
1860000 0.255475 0.100107
1890000 0.254184 0.0989443
1920000 0.250271 0.098178
1950000 0.247053 0.0969365
1980000 0.244755 0.0964653
2010000 0.241975 0.0950253
2040000 0.237868 0.0943724
2070000 0.234991 0.092346
2100000 0.2329 0.0924289
2130000 0.232292 0.0942959
2160000 0.228951 0.0932186
2190000 0.225887 0.0908183
2220000 0.223282 0.0906446
2250000 0.22032 0.0889664
2280000 0.218471 0.0898338
2310000 0.217256 0.0886647
2340000 0.214957 0.0882848
2370000 0.211928 0.0882052
2400000 0.21018 0.0875346
2430000 0.20766 0.0867397
2460000 0.204689 0.0861833
2490000 0.202459 0.0848961
2520000 0.199958 0.084325
2550000 0.197255 0.0833317
2580000 0.19651 0.0840221
2610000 0.193635 0.083279
2640000 0.192763 0.0840823
2670000 0.190747 0.0826109
2700000 0.188558 0.0835648
2730000 0.188308 0.0836983
2760000 0.185024 0.0828549
2790000 0.18468 0.082587
2820000 0.181934 0.080759
2850000 0.179946 0.0815283
2880000 0.178393 0.0832302
2910000 0.17554 0.080972
2940000 0.175171 0.0811263
2970000 0.172262 0.0805767
3000000 0.170253 0.0798901
3030000 0.168711 0.0784739
3060000 0.167868 0.077647
3090000 0.165265 0.0778779
3120000 0.165346 0.0777491
3150000 0.162368 0.0762771
3180000 0.161136 0.0759428
3210000 0.159983 0.0762402
3240000 0.158961 0.0764767
3270000 0.15712 0.0752728
3300000 0.15532 0.0743851
3330000 0.155645 0.074868
3360000 0.152947 0.0734905
3390000 0.152035 0.0737423
3420000 0.150109 0.0734966
3450000 0.1497 0.0749755
3480000 0.147786 0.0725989
3510000 0.14655 0.0721603
3540000 0.144885 0.0716023
3570000 0.143913 0.070767
3600000 0.142393 0.070504
3630000 0.142505 0.0720216
3660000 0.139889 0.0708394
3690000 0.139351 0.0705833
3720000 0.138112 0.0690515
3750000 0.137103 0.0689897
3780000 0.136444 0.068961
3810000 0.135077 0.0682518
3840000 0.133187 0.0675181
3870000 0.132033 0.0678227
3900000 0.132448 0.0677381
3930000 0.131864 0.0682239
3960000 0.130063 0.0670157
3990000 0.128326 0.0665736
4020000 0.127533 0.0659989
4050000 0.126564 0.0663124
4080000 0.125599 0.0658765
4110000 0.125127 0.0664008
4140000 0.123277 0.0684094
4170000 0.123319 0.0707561
4200000 0.122251 0.0675167
4230000 0.120991 0.0664103
4260000 0.119699 0.0665834
4290000 0.118984 0.0666657
4320000 0.11926 0.0747878
4350000 0.119022 0.116725
4380000 0.117237 0.0831758
4410000 0.116658 0.0838307
4440000 0.118218 0.164918
4470000 0.115897 0.0848565
4500000 0.114302 0.0694766
4530000 0.112709 0.0812189
4560000 0.111359 0.0698254
4590000 0.111071 0.0625747
4620000 0.109324 0.0610679
4650000 0.109209 0.0602595
4680000 0.106994 0.0583938
4710000 0.107892 0.0592099
4740000 0.106118 0.0578135
4770000 0.1051 0.0579599
4800000 0.103287 0.0567892
4830000 0.103818 0.0561081
4860000 0.103278 0.0564895
4890000 0.101958 0.0558485
4920000 0.101522 0.0553299
4950000 0.101102 0.05542
4980000 0.0996973 0.0537826
5010000 0.0996243 0.0543734
5040000 0.0983354 0.053786
5070000 0.0982833 0.0548408
5100000 0.096878 0.0536861
5130000 0.0965952 0.0536898
5160000 0.0958023 0.0530534
5190000 0.0943567 0.053351
5220000 0.0953401 0.0524313
5250000 0.0952136 0.0535394
5280000 0.0945911 0.0529318
5310000 0.0935602 0.052861
5340000 0.0919201 0.0515719
5370000 0.0926449 0.0524481
5400000 0.0910807 0.0524873
5430000 0.0913021 0.0522735
5460000 0.0911406 0.0553773
5490000 0.0903191 0.0659844
5520000 0.090807 0.0870654
5550000 0.0905025 0.0947773
5580000 0.0876481 0.0637192
5610000 0.086423 0.0515391
5640000 0.0862531 0.0505247
5670000 0.0856502 0.0501776
5700000 0.0850532 0.0501157
5730000 0.0851864 0.0507504
5760000 0.0838178 0.0532897
5790000 0.0857709 0.0995259
5820000 0.0852492 0.087265
5850000 0.0853922 0.127168
5880000 0.0829211 0.0746279
5910000 0.0819515 0.0575606
5940000 0.0808629 0.0516327
5970000 0.0793738 0.0475571
6000000 0.0789869 0.0463081
6030000 0.0788298 0.0460231
6060000 0.0783126 0.0460029
6090000 0.0776313 0.0453539
6120000 0.0767502 0.0442575
6150000 0.0757778 0.0435966
6180000 0.074723 0.043771
6210000 0.0734104 0.0424869
6240000 0.0733934 0.0424644
6270000 0.0731074 0.0421836
6300000 0.0736095 0.0422409
6330000 0.0727827 0.0423145
6360000 0.0723475 0.0420167
6390000 0.0713292 0.0416224
6420000 0.070412 0.0404303
6450000 0.070338 0.0416913
6480000 0.070604 0.0413035
6510000 0.0701201 0.0404713
6540000 0.068812 0.0401299
6570000 0.0692763 0.0405887
6600000 0.0680176 0.0401051
6630000 0.0680499 0.0396345
6660000 0.0680876 0.0392307
6690000 0.0672298 0.038975
6720000 0.0662533 0.0383689
6750000 0.0651233 0.0381668
6780000 0.0650974 0.0379918
6810000 0.0648874 0.0378507
6840000 0.0635972 0.0368465
6870000 0.0638819 0.0373504
6900000 0.0634657 0.0370043
6930000 0.0624292 0.037144
6960000 0.0622205 0.0366571
6990000 0.0624524 0.0365931
7020000 0.0617794 0.0366634
7050000 0.0615982 0.0371574
7080000 0.0611249 0.0366335
7110000 0.061345 0.0369052
7140000 0.0597173 0.0357128
7170000 0.058924 0.0357699
7200000 0.058936 0.035343
7230000 0.058345 0.0352831
7260000 0.057825 0.0353822
7290000 0.0585108 0.0353261
7320000 0.0579395 0.0349393
7350000 0.0571922 0.0347878
7380000 0.0569066 0.0338477
7410000 0.0567608 0.0344684
7440000 0.0568436 0.0343025
7470000 0.056252 0.0343805
7500000 0.0561479 0.0337803
7530000 0.054806 0.0327238
7560000 0.0549293 0.0335999
7590000 0.0549653 0.0334984
7620000 0.0545878 0.0331816
7650000 0.0544483 0.0327024
7680000 0.0542953 0.0328412
7710000 0.053527 0.0326204
7740000 0.0536234 0.032444
7770000 0.0528994 0.0313642
7800000 0.0521571 0.0313131
7830000 0.0521695 0.0315764
7860000 0.0516592 0.0309414
7890000 0.0521924 0.031612
7920000 0.0516469 0.0316449
7950000 0.0507463 0.0306663
7980000 0.0511577 0.0304991
8010000 0.0505822 0.0310376
8040000 0.0502217 0.0303878
8070000 0.0498837 0.0304792
8100000 0.0500846 0.0308105
8130000 0.0493318 0.0301657
8160000 0.0490963 0.0307394
8190000 0.0493384 0.0302406
8220000 0.0488281 0.0304104
8250000 0.0485692 0.0301385
8280000 0.0478183 0.0297625
8310000 0.0480071 0.0302649
8340000 0.0478927 0.0299867
8370000 0.0481304 0.0302491
8400000 0.0472157 0.029488
8430000 0.0471892 0.0294147
8460000 0.0463498 0.0290379
8490000 0.0458873 0.0285329
8520000 0.0455511 0.0282143
8550000 0.0456386 0.0289294
8580000 0.0451248 0.0289828
8610000 0.0452592 0.0290295
8640000 0.0453338 0.0283884
8670000 0.0449125 0.028505
8700000 0.0449109 0.028976
8730000 0.0449894 0.0286211
8760000 0.0441929 0.0284456
8790000 0.0439406 0.0282367
8820000 0.0436294 0.027151
8850000 0.0439373 0.0272594
8880000 0.0438902 0.0276125
8910000 0.0431677 0.0275164
8940000 0.0430159 0.0271931
8970000 0.0431091 0.0274136
9000000 0.0425585 0.0266697
9030000 0.0422696 0.0266278
9060000 0.0425561 0.0266854
9090000 0.0420767 0.0264086
9120000 0.041175 0.0254819
9150000 0.0414394 0.0260051
9180000 0.0411018 0.0254891
9210000 0.040824 0.0252716
9240000 0.0411474 0.025927
9270000 0.0412744 0.0258068
9300000 0.0402661 0.0252641
9330000 0.0409033 0.0249653
9360000 0.0405192 0.0256437
9390000 0.0404456 0.0251207
9420000 0.0395173 0.0245533
9450000 0.0388249 0.0242465
9480000 0.0385496 0.0240501
9510000 0.0392714 0.024469
9540000 0.0389436 0.0246726
9570000 0.0382237 0.0248183
9600000 0.038138 0.0238381
9630000 0.0379423 0.0256781
9660000 0.0383108 0.0243955
9690000 0.0381689 0.0245221
9720000 0.0376726 0.0236071
9750000 0.0372568 0.0242477
9780000 0.0368741 0.0231265
9810000 0.0371696 0.0240319
9840000 0.0367797 0.0234223
9870000 0.036555 0.0230278
9900000 0.0364444 0.022908
9930000 0.036262 0.0230391
9960000 0.0357574 0.0230084
9990000 0.0356786 0.0224208
10020000 0.035356 0.0224251
10050000 0.0352759 0.022525
10080000 0.0342948 0.0220173
10110000 0.0346678 0.0222208
10140000 0.0343478 0.023196
10170000 0.0348748 0.02186
10200000 0.0346316 0.0217674
10230000 0.0344115 0.0214674
10260000 0.0335874 0.0212293
10290000 0.0334517 0.0211916
10320000 0.0339782 0.0215353
10350000 0.0336962 0.0211309
10380000 0.0334154 0.0213701
10410000 0.0336387 0.0212548
10440000 0.0332258 0.0211035
10470000 0.0329645 0.0207029
10500000 0.0327836 0.0213282
10530000 0.0330888 0.0210398
10560000 0.0328201 0.0205869
10590000 0.0318304 0.020813
10620000 0.032393 0.0198591
10650000 0.0317013 0.020206
10680000 0.0318095 0.0204962
10710000 0.0316098 0.0206613
10740000 0.0312784 0.0201283
10770000 0.0317664 0.0226715
10800000 0.0314321 0.0203268
10830000 0.0314618 0.0205764
10860000 0.0311065 0.0203328
10890000 0.0313643 0.0200933
10920000 0.0313398 0.0200228
10950000 0.0312473 0.0198651
10980000 0.0309423 0.0197305
11010000 0.0311407 0.0204878
11040000 0.0310109 0.0198295
11070000 0.0304843 0.0195893
11100000 0.0308532 0.0194128
11130000 0.0307919 0.0200306
11160000 0.0305615 0.0194156
11190000 0.0305527 0.019636
11220000 0.030024 0.0193908
11250000 0.0306688 0.0197861
11280000 0.0301892 0.0191133
11310000 0.0301218 0.0191205
11340000 0.0299484 0.019211
11370000 0.0301762 0.0191657
11400000 0.0298847 0.0188233
11430000 0.0294235 0.0189113
11460000 0.0295552 0.0186633
11490000 0.029672 0.0196668
11520000 0.0298718 0.019637
11550000 0.0296005 0.0191127
11580000 0.0296077 0.0188631
11610000 0.0294019 0.0185732
11640000 0.0292862 0.018848
11670000 0.0294796 0.0188309
11700000 0.0291331 0.0186512
11730000 0.0292537 0.0189924
11760000 0.0299168 0.0190943
11790000 0.0291622 0.0189087
11820000 0.028836 0.0189965
11850000 0.0288354 0.0187377
11880000 0.0291086 0.0189237
11910000 0.0287561 0.0188165
11940000 0.0284952 0.0189446
11970000 0.0289997 0.0186709
12000000 0.0292052 0.0190746
12030000 0.0289306 0.0187774
12060000 0.0286189 0.0186899
12090000 0.0281867 0.018173
12120000 0.0276863 0.0188493
12150000 0.0284486 0.0189527
12180000 0.028393 0.0190341
12210000 0.0288641 0.0186001
12240000 0.0279098 0.018607
12270000 0.0283238 0.0187665
12300000 0.0280401 0.0183978
12330000 0.027921 0.0189769
12360000 0.0283243 0.0196336
12390000 0.0283657 0.0193617
12420000 0.0286319 0.0190595
12450000 0.0281463 0.0190619
12480000 0.0286938 0.0194842
12510000 0.0280106 0.0191045
12540000 0.028127 0.0189163
12570000 0.0279994 0.0194579
12600000 0.028156 0.0192492
12630000 0.0275621 0.0187262
12660000 0.0278515 0.0192072
12690000 0.028378 0.0187649
12720000 0.0284188 0.0194594
12750000 0.0284171 0.0193924
12780000 0.0289837 0.0202184
12810000 0.0289275 0.0198476
12840000 0.0283983 0.0196424
12870000 0.0288726 0.0202094
12900000 0.0289183 0.0196587
12930000 0.0285886 0.019199
12960000 0.0280884 0.0194389
12990000 0.027966 0.019414
13020000 0.0285031 0.0199046
13050000 0.0281279 0.0199424
13080000 0.0282121 0.0199602
13110000 0.0280651 0.0197519
13140000 0.0275242 0.0195722
13170000 0.0284032 0.0199737
13200000 0.0281324 0.0202167
13230000 0.0282993 0.0198911
13260000 0.0281768 0.0196146
13290000 0.0278571 0.0194664
13320000 0.0285566 0.0198841
13350000 0.0285295 0.0199982
13380000 0.0282197 0.0202605
13410000 0.0285924 0.0207609
13440000 0.0284687 0.0199456
13470000 0.0283804 0.0201527
13500000 0.0284739 0.0199722
13530000 0.0287631 0.0211941
13560000 0.0286163 0.0230892
13590000 0.029252 0.0331395
13620000 0.0296262 0.0394578
13650000 0.0291827 0.0219896
13680000 0.0289745 0.0205253
13710000 0.0284803 0.0204378
13740000 0.0292272 0.0202268
13770000 0.029043 0.0205929
13800000 0.028691 0.020358
13830000 0.028691 0.0201945
13860000 0.0288701 0.0199379
13890000 0.0286134 0.0206174
13920000 0.0291847 0.0202424
13950000 0.0289979 0.0227202
13980000 0.0287616 0.0201773
14010000 0.0293397 0.0206545
14040000 0.0286757 0.01955
14070000 0.0290628 0.0196063
14100000 0.0285152 0.0200015
14130000 0.029386 0.019957
14160000 0.0292459 0.0201503
14190000 0.0284715 0.0198889
14220000 0.0289671 0.0193514
14250000 0.0296022 0.0202866
14280000 0.029252 0.0207183
14310000 0.0295506 0.0201957
14340000 0.029524 0.0202408
14370000 0.0300508 0.0205896
14400000 0.0300091 0.0209604
14430000 0.0294247 0.0203267
14460000 0.02939 0.0202988
14490000 0.0296536 0.0200914
14520000 0.0296783 0.020628
14550000 0.0304838 0.0209957
14580000 0.0299188 0.0208138
14610000 0.0302786 0.0206531
14640000 0.0304891 0.0211251
14670000 0.0306536 0.0215949
14700000 0.031239 0.0256814
14730000 0.0322008 0.0325862
14760000 0.0321714 0.0555137
14790000 0.0310951 0.024352
14820000 0.0303343 0.0216591
14850000 0.0305567 0.0211253
14880000 0.0307518 0.0217228
14910000 0.0308417 0.0211064
14940000 0.0312613 0.0210336
14970000 0.0309927 0.021141
15000000 0.031567 0.0215907
15030000 0.0317642 0.0212122
15060000 0.0317349 0.0214822
15090000 0.0311049 0.0210591
15120000 0.0306691 0.021231
15150000 0.031256 0.0205255
15180000 0.0316166 0.0208472
15210000 0.0310211 0.0201456
15240000 0.0306451 0.0203668
15270000 0.0311527 0.0209617
15300000 0.0313852 0.020704
15330000 0.0312287 0.0209295
15360000 0.0314411 0.0208352
15390000 0.031036 0.0208378
15420000 0.0320589 0.0215805
15450000 0.0310502 0.0205829
15480000 0.0309719 0.0202384
15510000 0.0319309 0.0202746
15540000 0.0317413 0.0202395
15570000 0.0316679 0.0211239
15600000 0.0318046 0.0208569
15630000 0.0320532 0.0206037
15660000 0.0320181 0.020572
15690000 0.0318774 0.0209405
15720000 0.0322205 0.020616
15750000 0.0325172 0.0208402
15780000 0.0319833 0.0208915
15810000 0.0320203 0.020843
15840000 0.0320915 0.0203303
15870000 0.0322935 0.0206935
15900000 0.0326102 0.0205212
15930000 0.0317472 0.0201457
15960000 0.032615 0.0207169
15990000 0.0329316 0.0212166
16020000 0.0328319 0.020567
16050000 0.0327067 0.0205411
16080000 0.0337937 0.0213731
16110000 0.0327372 0.0203989
16140000 0.0328001 0.0208488
16170000 0.0329944 0.0203935
16200000 0.0332737 0.0215868
16230000 0.0338046 0.0211785
16260000 0.033505 0.0204402
16290000 0.0339528 0.0213528
16320000 0.0336214 0.0210791
16350000 0.0333115 0.0203698
16380000 0.0338539 0.0205604
16410000 0.0338508 0.0213685
16440000 0.0344969 0.0212365
16470000 0.0341508 0.0212344
16500000 0.0332968 0.0208983
16530000 0.0335226 0.0212115
16560000 0.0340099 0.0208063
16590000 0.0349354 0.021558
16620000 0.0343048 0.0207771
16650000 0.0333333 0.0213229
16680000 0.0349401 0.0216508
16710000 0.0354947 0.022067
16740000 0.0345947 0.0217689
16770000 0.0342748 0.0207629
16800000 0.03464 0.0205835
16830000 0.0344739 0.0204091
16860000 0.0340347 0.0206469
16890000 0.0356967 0.0217454
16920000 0.0350197 0.0207562
16950000 0.0346109 0.0211296
16980000 0.0351236 0.0208239
17010000 0.0358357 0.0217172
17040000 0.0354091 0.0204394
17070000 0.0360814 0.0204115
17100000 0.0357637 0.0210964
17130000 0.0357623 0.0220142
17160000 0.0359368 0.020955
17190000 0.0363721 0.021787
17220000 0.0358997 0.021694
17250000 0.0350817 0.0203536
17280000 0.0357635 0.0207777
17310000 0.0356889 0.0208576
17340000 0.0360881 0.0213272
17370000 0.0365498 0.0209091
17400000 0.0364743 0.0216387
17430000 0.0362769 0.0205013
17460000 0.0367245 0.0210843
17490000 0.0368129 0.0216165
17520000 0.0363645 0.0212618
17550000 0.0375431 0.0221931
17580000 0.0365473 0.0209966
17610000 0.0367374 0.0210333
17640000 0.0374375 0.0215513
17670000 0.0366889 0.0212008
17700000 0.0376625 0.0221658
17730000 0.036834 0.0210086
17760000 0.0378246 0.0216788
17790000 0.0374189 0.0219735
17820000 0.0379069 0.0216497
17850000 0.0384015 0.0224426
17880000 0.0378577 0.0221791
17910000 0.0383295 0.0218456
17940000 0.0385626 0.0227543
17970000 0.0383321 0.0218803
18000000 0.0382037 0.0227297
18030000 0.0395697 0.0232879
18060000 0.0385383 0.0225031
18090000 0.0390825 0.0231238
18120000 0.0394368 0.0228089
18150000 0.0394127 0.0228556
18180000 0.0396735 0.022825
18210000 0.0395474 0.023064
18240000 0.0396224 0.0226863
18270000 0.0392396 0.0227965
18300000 0.0389749 0.0225331
18330000 0.0394362 0.0225082
18360000 0.0383184 0.0227098
18390000 0.0389288 0.0235968
18420000 0.0391786 0.0220319
18450000 0.0384 0.0225506
18480000 0.0390767 0.0219633
18510000 0.0394241 0.0221815
18540000 0.0392544 0.0229882
18570000 0.0387968 0.0223552
18600000 0.039167 0.0214901
18630000 0.0389216 0.0229056
18660000 0.0393799 0.0215509
18690000 0.039657 0.0221607
18720000 0.0395777 0.0227184
18750000 0.0399581 0.0220367
18780000 0.0393731 0.0222522
18810000 0.0404227 0.0222486
18840000 0.039754 0.022156
18870000 0.0402064 0.0226979
18900000 0.0402851 0.0223826
18930000 0.0400119 0.0219932
18960000 0.0403029 0.0222732
18990000 0.0407774 0.0225578
19020000 0.040799 0.0228922
19050000 0.0397131 0.0222868
19080000 0.0415768 0.022657
19110000 0.0417643 0.0229702
19140000 0.0405182 0.0233844
19170000 0.0415525 0.0244546
19200000 0.0420048 0.024134
19230000 0.0422097 0.0241147
19260000 0.0413145 0.024485
19290000 0.0415676 0.0232412
19320000 0.0430911 0.0251695
19350000 0.0423631 0.0253505
19380000 0.0426952 0.0306254
19410000 0.0437994 0.0394174
19440000 0.0452452 0.0578954
19470000 0.045575 0.0715801
19500000 0.0448536 0.0327049
19530000 0.0424927 0.0255745
19560000 0.0434119 0.0244936
19590000 0.0425278 0.0240559
19620000 0.0430036 0.0241665
19650000 0.0434582 0.0253874
19680000 0.0418779 0.0237437
19710000 0.0426654 0.0233839
19740000 0.0413494 0.0228195
19770000 0.0430482 0.0237463
19800000 0.0423747 0.0229156
19830000 0.042083 0.0230512
19860000 0.042812 0.0227859
19890000 0.041678 0.0230175
19920000 0.0423295 0.0235574
19950000 0.0417957 0.0223324
19980000 0.0416451 0.0231536
20010000 0.0423256 0.0232896
20040000 0.0424136 0.024077
20070000 0.0433156 0.0235848
20100000 0.042174 0.0217593
20130000 0.0437115 0.0237132
20160000 0.0415794 0.0224566
20190000 0.0416708 0.0229229
20220000 0.0416779 0.0236219
20250000 0.0426581 0.0233819
20280000 0.0438067 0.024555
20310000 0.0440821 0.0242455
20340000 0.0437467 0.0243484
20370000 0.0430837 0.0241162
20400000 0.0434452 0.0252697
20430000 0.0449696 0.0265969
20460000 0.0453821 0.0257117
20490000 0.0453553 0.0310076
20520000 0.0464367 0.042275
20550000 0.0503514 0.118918
20580000 0.0484565 0.0693557
20610000 0.052933 0.155211
20640000 0.0487443 0.0538726
20670000 0.046232 0.0341371
20700000 0.046785 0.0295148
20730000 0.0446909 0.0285233
20760000 0.0441692 0.0250057
20790000 0.0451615 0.0264874
20820000 0.0468531 0.0256254
20850000 0.0453857 0.0243779
20880000 0.0459668 0.0263083
20910000 0.0460443 0.0254049
20940000 0.0464795 0.0262715
20970000 0.0455935 0.0253121
21000000 0.0452651 0.0246596
21030000 0.0454707 0.0258279
21060000 0.0455895 0.0252163
21090000 0.0461253 0.0243158
21120000 0.0445396 0.0249117
21150000 0.0460012 0.0257765
21180000 0.0445589 0.0250847
21210000 0.0444113 0.0248041
21240000 0.0463527 0.0246568
21270000 0.0453042 0.0232994
21300000 0.0463545 0.0240891
21330000 0.0458742 0.0252108
21360000 0.0469116 0.0243757
21390000 0.0471839 0.0246386
21420000 0.046762 0.0242529
21450000 0.0470317 0.0245774
21480000 0.0478253 0.0259251
21510000 0.0476424 0.0247981
21540000 0.0471767 0.0252971
21570000 0.0463011 0.0237863
21600000 0.046715 0.0251323
21630000 0.0475471 0.0247332
21660000 0.0477545 0.0243897
21690000 0.0480937 0.0258899
21720000 0.0492154 0.0252854
21750000 0.0470316 0.0252551
21780000 0.0486829 0.0254469
21810000 0.0490892 0.0260359
21840000 0.0492872 0.0261834
21870000 0.0495443 0.0276414
21900000 0.0488815 0.0247927
21930000 0.049357 0.0265556
21960000 0.0497602 0.0261705
21990000 0.0486326 0.0250027
22020000 0.0505397 0.0258898
22050000 0.0495902 0.0261151
22080000 0.0510361 0.0260387
22110000 0.0501189 0.0263941
22140000 0.0504469 0.0252008
22170000 0.0501681 0.0259136
22200000 0.0507096 0.0260099
22230000 0.0506112 0.0254422
22260000 0.0522606 0.027449
22290000 0.0513761 0.0263269
22320000 0.0510914 0.0266816
22350000 0.0511592 0.0266511
22380000 0.0531159 0.0273958
22410000 0.0523971 0.0271984
22440000 0.0521861 0.0280109
22470000 0.0504916 0.0278163
22500000 0.0513949 0.0272777
22530000 0.0520412 0.0267469
22560000 0.0521248 0.0284347
22590000 0.0528323 0.0288831
22620000 0.0526052 0.0306992
22650000 0.0520036 0.0291392
22680000 0.0534267 0.0320537
22710000 0.0540848 0.032449
22740000 0.0542436 0.0313796
22770000 0.0562966 0.0337492
22800000 0.0559403 0.0345709
22830000 0.0550125 0.0341592
22860000 0.0558667 0.0362739
22890000 0.0564092 0.0373734
22920000 0.05657 0.0375651
22950000 0.0557408 0.037781
22980000 0.0568556 0.0385317
23010000 0.0559787 0.0384515
23040000 0.0572807 0.0428578
23070000 0.056754 0.0434567
23100000 0.0570346 0.0467491
23130000 0.0583629 0.0479227
23160000 0.058121 0.052311
23190000 0.0588799 0.0532421
23220000 0.0568915 0.054385
23250000 0.0593771 0.0604427
23280000 0.058282 0.0607842
23310000 0.0582422 0.0753786
23340000 0.0621464 0.090291
23370000 0.0612597 0.112246
23400000 0.0601492 0.133224
23430000 0.0637219 0.218858
23460000 0.0517452 0.0249128
23490000 0.0527163 0.0237602
23520000 0.0516401 0.0236329
23550000 0.0516686 0.0240728
23580000 0.0530732 0.0250089
23610000 0.0510021 0.02407
23640000 0.0512519 0.0233228
23670000 0.0489163 0.0224223
23700000 0.0518521 0.0242376
23730000 0.051685 0.0247155
23760000 0.0522106 0.0231464
23790000 0.0519165 0.0228609
23820000 0.0528246 0.023191
23850000 0.0514731 0.0223803
23880000 0.0523902 0.0232601
23910000 0.0526885 0.0255097
23940000 0.0540777 0.0244278
23970000 0.0533299 0.0237556
24000000 0.0522062 0.0233545
24030000 0.0528114 0.0242649
24060000 0.0532206 0.0243103
24090000 0.0555571 0.0239302
24120000 0.0539728 0.0251264
24150000 0.05388 0.027338
24180000 0.0563235 0.0248905
24210000 0.0557381 0.0260366
24240000 0.0548064 0.0243052
24270000 0.0543927 0.0250563
24300000 0.0547106 0.0232688
24330000 0.0551693 0.0247519
24360000 0.0568138 0.0247657
24390000 0.0564119 0.0268106
24420000 0.057605 0.0265952
24450000 0.0559988 0.024903
24480000 0.056428 0.0252798
24510000 0.0579472 0.0258425
24540000 0.0585232 0.0259628
24570000 0.0586582 0.0270905
24600000 0.0603361 0.0272832
24630000 0.0597547 0.0263469
24660000 0.0598628 0.0268761
24690000 0.0600132 0.0268992
24720000 0.0596563 0.026287
24750000 0.0589195 0.0267063
24780000 0.0602794 0.0257452
24810000 0.0632613 0.0268279
24840000 0.0605519 0.0279707
24870000 0.0651747 0.0313298
24900000 0.0612257 0.0265453
24930000 0.0628951 0.0265715
24960000 0.0608777 0.0255778
24990000 0.0612259 0.0277072
25020000 0.0633202 0.0274054
25050000 0.0642146 0.0269573
25080000 0.0624182 0.0258597
25110000 0.0639765 0.0267932
25140000 0.0630375 0.0268991
25170000 0.0627564 0.0265197
25200000 0.0662571 0.0281819
25230000 0.065479 0.0252363
25260000 0.0618744 0.0253213
25290000 0.0645039 0.0264273
25320000 0.0644528 0.0270268
25350000 0.064824 0.0262299
25380000 0.0644966 0.0277185
25410000 0.0675687 0.0252256
25440000 0.0658617 0.0265217
25470000 0.0658785 0.0250136
25500000 0.0675341 0.0272746
25530000 0.0660778 0.0265996
25560000 0.0651671 0.0270595
25590000 0.0672871 0.0290297
25620000 0.0666521 0.0277598
25650000 0.0669183 0.0291233
25680000 0.0674344 0.0281055
25710000 0.0655575 0.0260534
25740000 0.0656706 0.029061
25770000 0.0710721 0.0299747
25800000 0.0730774 0.0325838
25830000 0.0701916 0.0324947
25860000 0.0711245 0.0324718
25890000 0.0706907 0.0311862
25920000 0.0693772 0.0275859
25950000 0.0729536 0.0341887
25980000 0.0711459 0.03173
26010000 0.0715828 0.0306339
26040000 0.0725841 0.0334403
26070000 0.0728805 0.034887
26100000 0.074554 0.0338901
26130000 0.0753548 0.0323359
26160000 0.0778501 0.0342603
26190000 0.0771118 0.0379323
26220000 0.0779803 0.0374885
26250000 0.079419 0.0405236
26280000 0.0737544 0.034991
26310000 0.0770944 0.0402558
26340000 0.0790054 0.0396226
26370000 0.0779318 0.0415945
26400000 0.080077 0.046175
26430000 0.0811312 0.0440635
26460000 0.0809223 0.0447703
26490000 0.0806279 0.0494212
26520000 0.0831902 0.0566422
26550000 0.084331 0.0580364
26580000 0.0833136 0.0599158
26610000 0.0818889 0.0598751
26640000 0.0825272 0.058655
26670000 0.0824784 0.0592097
26700000 0.0835074 0.0647188
26730000 0.0841894 0.066704
26760000 0.0873871 0.0691604
26790000 0.0873251 0.0800448
26820000 0.0845356 0.0863431
26850000 0.0827158 0.0865668
26880000 0.0840263 0.0977389
26910000 0.0830718 0.104306
26940000 0.0699097 0.0253618
26970000 0.0716426 0.0215244
27000000 0.0743469 0.0259558
27030000 0.0721171 0.0239266
27060000 0.0766005 0.0218623
27090000 0.0751396 0.0228775
27120000 0.0715683 0.0264616
27150000 0.0764101 0.0225476
27180000 0.0786395 0.0299514
27210000 0.07334 0.0270975
27240000 0.0759827 0.0236068
27270000 0.0760717 0.0253451
27300000 0.0754593 0.0240491
27330000 0.0731963 0.0223453
27360000 0.0751914 0.0236881
27390000 0.0756944 0.0242663
27420000 0.0795704 0.0238615
27450000 0.0768614 0.0291338
27480000 0.0740013 0.0234484
27510000 0.0785358 0.0250376
27540000 0.0771525 0.0260821
27570000 0.0761752 0.0275386
27600000 0.0787412 0.027656
27630000 0.0779463 0.0309426
27660000 0.0771841 0.023496
27690000 0.0789569 0.024213
27720000 0.08161 0.0244006
27750000 0.0796397 0.024865
27780000 0.0806619 0.0253333
27810000 0.0835635 0.0255916
27840000 0.0799653 0.0289773
27870000 0.0843739 0.0288769
27900000 0.0835695 0.0293259
27930000 0.0814983 0.0288564
27960000 0.0831609 0.0267163
27990000 0.0864068 0.0264109
28020000 0.0865344 0.0264355
28050000 0.087616 0.0290135
28080000 0.0880504 0.0328734
28110000 0.0859304 0.0251911
28140000 0.0834838 0.0243553
28170000 0.0875583 0.0287749
28200000 0.0846126 0.0251333
28230000 0.0855842 0.0285617
28260000 0.0860619 0.0279281
28290000 0.0826683 0.0265023
28320000 0.0846253 0.0212628
28350000 0.0902821 0.0270151
28380000 0.0919739 0.0290241
28410000 0.0872195 0.0246423
28440000 0.0851997 0.0263904
28470000 0.0848859 0.0213786
28500000 0.0878289 0.0301511
28530000 0.0878405 0.0246447
28560000 0.0910553 0.0233736
28590000 0.0858713 0.0263741
28620000 0.095732 0.0332237
28650000 0.0916447 0.0284736
28680000 0.0906861 0.0264595
28710000 0.0889101 0.0263008
28740000 0.0935138 0.0283124
28770000 0.0903512 0.0269337
28800000 0.0910448 0.0253495
28830000 0.0920279 0.0269827
28860000 0.0946408 0.0251345
28890000 0.099721 0.0276098
28920000 0.0986213 0.0256188
28950000 0.0992724 0.0321545
28980000 0.104011 0.0251873
29010000 0.102524 0.02946
29040000 0.099806 0.0310188
29070000 0.102889 0.0334184
29100000 0.103454 0.0334537
29130000 0.100665 0.0361375
29160000 0.107158 0.0325425
29190000 0.108296 0.0274596
29220000 0.115341 0.0331503
29250000 0.113798 0.0322748
29280000 0.111562 0.0360278
29310000 0.117039 0.031045
29340000 0.120084 0.0318954
29370000 0.123175 0.0258941
29400000 0.125892 0.0270255
29430000 0.128758 0.0367326
29460000 0.121832 0.029286
29490000 0.133416 0.0317421
29520000 0.13052 0.0330786
29550000 0.132937 0.0365196
29580000 0.127454 0.0366896
29610000 0.13826 0.0477359
29640000 0.144397 0.0442701
29670000 0.154159 0.0449974
29700000 0.143321 0.0450106
29730000 0.160159 0.0614744
29760000 0.163865 0.053274
29790000 0.162027 0.0543636
29820000 0.173172 0.0455082
29850000 0.175153 0.0516513
29880000 0.181563 0.0412778
29910000 0.192679 0.0556298
29940000 0.202121 0.0605321
29970000 0.237117 0.0751942
30000000 0.219318 0.0786671
30030000 0.262884 0.0760744
30060000 0.279779 0.0994497
30090000 0.284849 0.0923159
30120000 0.293136 0.0806742
30150000 0.323795 0.0911849
30180000 0.361835 0.124154
30210000 0.401783 0.160723
30240000 0.46244 0.162421
30270000 0.583407 0.20829
30300000 0.638602 0.285834
30330000 0.846621 0.364312
30360000 1.20646 0.546221
30390000 1.87468 0.779253
30420000 2.86305 4.21468e-08
