30000 14.3577 3.68813
60000 5.26002 1.90658
90000 3.22916 1.42007
120000 2.37872 1.16604
150000 1.8969 0.988812
180000 1.57716 0.886076
210000 1.3592 0.802509
240000 1.20732 0.734341
270000 1.09053 0.684066
300000 1 0.638775
330000 0.932902 0.603687
360000 0.862932 0.566759
390000 0.805877 0.533931
420000 0.758239 0.53061
450000 0.727951 0.50121
480000 0.682226 0.473269
510000 0.652639 0.446248
540000 0.62386 0.426673
570000 0.59036 0.384208
600000 0.55661 0.334243
630000 0.536127 0.302071
660000 0.512954 0.292174
690000 0.494687 0.275182
720000 0.477957 0.26568
750000 0.462629 0.243828
780000 0.454666 0.242527
810000 0.4421 0.228808
840000 0.431678 0.225178
870000 0.418883 0.21191
900000 0.408393 0.19417
930000 0.401762 0.200142
960000 0.393181 0.183195
990000 0.386158 0.17515
1020000 0.37658 0.168558
1050000 0.370148 0.169789
1080000 0.361945 0.165092
1110000 0.353491 0.151731
1140000 0.345286 0.143466
1170000 0.343482 0.141164
1200000 0.333649 0.142683
1230000 0.324389 0.137701
1260000 0.319077 0.127898
1290000 0.310896 0.120464
1320000 0.308369 0.118782
1350000 0.302855 0.118646
1380000 0.297547 0.117496
1410000 0.290095 0.113343
1440000 0.286532 0.108657
1470000 0.28149 0.108305
1500000 0.275969 0.109562
1530000 0.268897 0.106138
1560000 0.267229 0.108613
1590000 0.260242 0.107421
1620000 0.262262 0.106897
1650000 0.257192 0.111714
1680000 0.253253 0.110827
1710000 0.251502 0.107982
1740000 0.248451 0.109723
1770000 0.242995 0.105103
1800000 0.239872 0.104341
1830000 0.235958 0.103
1860000 0.232831 0.103506
1890000 0.231957 0.103318
1920000 0.230155 0.102468
1950000 0.225533 0.100495
1980000 0.223561 0.102957
2010000 0.221272 0.100761
2040000 0.216168 0.0986101
2070000 0.214641 0.0949829
2100000 0.212427 0.095592
2130000 0.215229 0.103457
2160000 0.209764 0.0984354
2190000 0.208415 0.0930899
2220000 0.203756 0.0938197
2250000 0.201016 0.0902537
2280000 0.199559 0.0923913
2310000 0.199291 0.0891102
2340000 0.197859 0.0909733
2370000 0.194574 0.0884619
2400000 0.194341 0.0886569
2430000 0.190635 0.0845774
2460000 0.189202 0.0907466
2490000 0.187386 0.0870232
2520000 0.187388 0.0879572
2550000 0.182616 0.0849096
2580000 0.184902 0.0882413
2610000 0.181275 0.0879868
2640000 0.178628 0.085729
2670000 0.178737 0.0845208
2700000 0.175008 0.0855556
2730000 0.17615 0.0834295
2760000 0.174597 0.0852082
2790000 0.170844 0.0831913
2820000 0.169026 0.0812538
2850000 0.168063 0.083447
2880000 0.169163 0.0876558
2910000 0.164784 0.0818716
2940000 0.166733 0.0853238
2970000 0.161427 0.0827813
3000000 0.160925 0.0828067
3030000 0.160006 0.0807252
3060000 0.155253 0.0759585
3090000 0.15518 0.0770188
3120000 0.158364 0.0765164
3150000 0.154598 0.0783162
3180000 0.151322 0.0741231
3210000 0.151739 0.0764609
3240000 0.149527 0.0786924
3270000 0.150881 0.0788363
3300000 0.148231 0.0748251
3330000 0.147506 0.0750176
3360000 0.146037 0.0731851
3390000 0.143962 0.074502
3420000 0.141414 0.0726464
3450000 0.141008 0.0752436
3480000 0.141447 0.0717997
3510000 0.139912 0.0718063
3540000 0.13907 0.0694489
3570000 0.134963 0.0692473
3600000 0.135499 0.070359
3630000 0.134862 0.0706519
3660000 0.1326 0.0699049
3690000 0.131545 0.0673756
3720000 0.129041 0.0675689
3750000 0.128601 0.0658679
3780000 0.128668 0.0664208
3810000 0.128385 0.0660011
3840000 0.127216 0.066295
3870000 0.126993 0.0673642
3900000 0.126663 0.0659697
3930000 0.124569 0.0650636
3960000 0.122808 0.0649851
3990000 0.121448 0.0648402
4020000 0.121441 0.0629646
4050000 0.123293 0.0660652
4080000 0.119349 0.0630459
4110000 0.120945 0.0640296
4140000 0.118131 0.0641598
4170000 0.120554 0.0648927
4200000 0.120711 0.0698082
4230000 0.120257 0.0683298
4260000 0.119076 0.0761471
4290000 0.121378 0.0827278
4320000 0.124937 0.114796
4350000 0.132783 0.244354
4380000 0.124548 0.146647
4410000 0.124947 0.148756
4440000 0.137338 0.37374
4470000 0.127307 0.153751
4500000 0.12146 0.1007
4530000 0.120933 0.143575
4560000 0.116183 0.102762
4590000 0.112933 0.0755757
4620000 0.111612 0.0685227
4650000 0.109769 0.0637656
4680000 0.107708 0.0589377
4710000 0.10798 0.058996
4740000 0.10544 0.0587655
4770000 0.105178 0.0564484
4800000 0.102972 0.0556782
4830000 0.103224 0.0534935
4860000 0.103257 0.0548619
4890000 0.0998287 0.0528502
4920000 0.100292 0.0537093
4950000 0.10099 0.0541556
4980000 0.0983788 0.0521006
5010000 0.0981035 0.0539932
5040000 0.0958594 0.0517229
5070000 0.0984433 0.0531459
5100000 0.0938507 0.0523435
5130000 0.0952763 0.0526694
5160000 0.0945526 0.0514096
5190000 0.0938432 0.0527455
5220000 0.0938586 0.0525728
5250000 0.09262 0.0520592
5280000 0.0921101 0.0530262
5310000 0.0897161 0.0503407
5340000 0.0908439 0.049223
5370000 0.0916556 0.0502165
5400000 0.0892819 0.0506704
5430000 0.0889479 0.0488627
5460000 0.0887325 0.0494698
5490000 0.0885131 0.0480337
5520000 0.0872438 0.0473378
5550000 0.0866321 0.0470852
5580000 0.0847647 0.0449994
5610000 0.085509 0.0454872
5640000 0.0840141 0.0448206
5670000 0.083814 0.0453918
5700000 0.0828594 0.0439365
5730000 0.0839439 0.0438294
5760000 0.0809258 0.0417194
5790000 0.0808951 0.042584
5820000 0.0796064 0.0427142
5850000 0.0779704 0.0409927
5880000 0.0769945 0.0410533
5910000 0.0767537 0.0406461
5940000 0.0756158 0.0400572
5970000 0.0756279 0.0415116
6000000 0.0763817 0.0388161
6030000 0.0751446 0.0391691
6060000 0.07414 0.0395551
6090000 0.0755548 0.0400564
6120000 0.0721247 0.0393561
6150000 0.0726989 0.0386968
6180000 0.0715648 0.0386395
6210000 0.0697533 0.037575
6240000 0.073062 0.038963
6270000 0.0689079 0.0373696
6300000 0.0709435 0.0379052
6330000 0.0711497 0.0378629
6360000 0.0692935 0.0371443
6390000 0.067946 0.0367025
6420000 0.0685821 0.0354645
6450000 0.0682214 0.0378143
6480000 0.0673857 0.0375273
6510000 0.0668605 0.0351571
6540000 0.0677962 0.0351738
6570000 0.0654396 0.0350019
6600000 0.0654921 0.0357243
6630000 0.0673964 0.0362085
6660000 0.0659251 0.0360205
6690000 0.0669707 0.0347825
6720000 0.0649027 0.0342507
6750000 0.0634871 0.0333349
6780000 0.0647975 0.0334363
6810000 0.0633967 0.0329087
6840000 0.0629764 0.0333655
6870000 0.0623958 0.0333644
6900000 0.0622993 0.0340995
6930000 0.0627817 0.0333737
6960000 0.0608098 0.0328517
6990000 0.0618192 0.0343494
7020000 0.0609654 0.0330214
7050000 0.0598269 0.0320794
7080000 0.0618086 0.0340722
7110000 0.0608329 0.0323528
7140000 0.0598392 0.0344707
7170000 0.0575801 0.0331837
7200000 0.0574584 0.0318299
7230000 0.0572057 0.0332622
7260000 0.0571299 0.0338448
7290000 0.0580323 0.0326721
7320000 0.0571421 0.0334376
7350000 0.0563133 0.032549
7380000 0.0552649 0.0307217
7410000 0.0546335 0.032181
7440000 0.0581085 0.0325857
7470000 0.0552108 0.0331115
7500000 0.0551843 0.0320919
7530000 0.0535375 0.0320571
7560000 0.0550616 0.0325923
7590000 0.0545026 0.0334619
7620000 0.0552765 0.0334111
7650000 0.0546511 0.0325144
7680000 0.0540292 0.0324154
7710000 0.0534289 0.0320206
7740000 0.0547264 0.032333
7770000 0.0544992 0.0320877
7800000 0.0526567 0.0312647
7830000 0.0521137 0.0312608
7860000 0.0511892 0.0315838
7890000 0.0519477 0.0317582
7920000 0.0522592 0.0315707
7950000 0.0503295 0.0291618
7980000 0.0518639 0.031132
8010000 0.0513566 0.0315357
8040000 0.051054 0.029968
8070000 0.0509969 0.0294096
8100000 0.0505972 0.0306561
8130000 0.0516776 0.0308747
8160000 0.0500544 0.0294862
8190000 0.0493397 0.0291258
8220000 0.0510766 0.0298935
8250000 0.0501953 0.0316127
8280000 0.0489066 0.0293683
8310000 0.0495216 0.0318599
8340000 0.0490096 0.0297895
8370000 0.0476163 0.0302118
8400000 0.0471702 0.0286961
8430000 0.0474397 0.0281387
8460000 0.0472801 0.0300498
8490000 0.0469816 0.0301415
8520000 0.0462542 0.0282208
8550000 0.0459227 0.0290149
8580000 0.0443288 0.0285662
8610000 0.0455811 0.0304598
8640000 0.0461814 0.0281644
8670000 0.0444999 0.0276338
8700000 0.0442286 0.0285809
8730000 0.0448586 0.0280188
8760000 0.0441982 0.0277402
8790000 0.0452279 0.0283143
8820000 0.0433539 0.0270018
8850000 0.0445672 0.0268321
8880000 0.0439857 0.0258826
8910000 0.0426622 0.0246722
8940000 0.0423552 0.0259766
8970000 0.0435223 0.0268299
9000000 0.0421618 0.0261528
9030000 0.0421854 0.0250894
9060000 0.0423822 0.0250734
9090000 0.0425711 0.024711
9120000 0.0415124 0.0236909
9150000 0.0402244 0.0241772
9180000 0.0420824 0.0237695
9210000 0.0414936 0.0229735
9240000 0.0407754 0.0244028
9270000 0.0393967 0.0227537
9300000 0.0394304 0.0234014
9330000 0.0383 0.0225685
9360000 0.0400062 0.0247083
9390000 0.0387076 0.0231631
9420000 0.0370927 0.0223579
9450000 0.0378056 0.0222447
9480000 0.0364367 0.0222789
9510000 0.0372664 0.0209742
9540000 0.0361959 0.0229867
9570000 0.0359893 0.0228134
9600000 0.0359051 0.0218558
9630000 0.0357666 0.0227713
9660000 0.037311 0.0230881
9690000 0.0362152 0.0224177
9720000 0.037132 0.0225503
9750000 0.0358022 0.0218951
9780000 0.0348084 0.0205559
9810000 0.035763 0.0238727
9840000 0.0345111 0.0209914
9870000 0.0338123 0.0196994
9900000 0.0353953 0.0212342
9930000 0.0342053 0.020295
9960000 0.0333613 0.0212397
9990000 0.0335897 0.0196491
10020000 0.0339488 0.0206995
10050000 0.0336639 0.020299
10080000 0.0318747 0.0195031
10110000 0.0332259 0.0202251
10140000 0.0311687 0.0182736
10170000 0.0327488 0.0181281
10200000 0.032154 0.0192968
10230000 0.0318312 0.0191535
10260000 0.0303891 0.0178606
10290000 0.0301354 0.0180848
10320000 0.0290343 0.0178685
10350000 0.0309615 0.0182813
10380000 0.0290532 0.0184543
10410000 0.0296224 0.0179906
10440000 0.0302803 0.0189702
10470000 0.0283628 0.0188074
10500000 0.029958 0.0193694
10530000 0.0295613 0.0183899
10560000 0.0286507 0.0173117
10590000 0.0283002 0.0172405
10620000 0.0280248 0.0167485
10650000 0.029043 0.0180702
10680000 0.0281059 0.0186323
10710000 0.0280983 0.0196634
10740000 0.0276761 0.0177367
10770000 0.0280552 0.0167178
10800000 0.0288324 0.018487
10830000 0.0293457 0.0203921
10860000 0.0282059 0.0181136
10890000 0.0279995 0.0174215
10920000 0.028088 0.018056
10950000 0.0286187 0.0169911
10980000 0.0283325 0.0172863
11010000 0.0280583 0.0170915
11040000 0.0290129 0.0179322
11070000 0.0286873 0.0171226
11100000 0.0290896 0.0159041
11130000 0.0274383 0.0175047
11160000 0.0274449 0.0173046
11190000 0.0267991 0.0163613
11220000 0.0273056 0.0165316
11250000 0.0278665 0.0173629
11280000 0.0279086 0.0177562
11310000 0.0260975 0.0160134
11340000 0.0274499 0.0168823
11370000 0.0265878 0.0159111
11400000 0.0283675 0.0175661
11430000 0.0263798 0.0159787
11460000 0.0272258 0.0168171
11490000 0.0265034 0.0188706
11520000 0.0266639 0.0175183
11550000 0.0260991 0.0171285
11580000 0.0269747 0.0178721
11610000 0.0271367 0.0167995
11640000 0.0260885 0.0173796
11670000 0.0268568 0.018297
11700000 0.027522 0.0181409
11730000 0.0263172 0.018261
11760000 0.0268389 0.0171317
11790000 0.0258336 0.0177312
11820000 0.0257248 0.0177447
11850000 0.0272115 0.0185515
11880000 0.0263084 0.018072
11910000 0.025137 0.0186297
11940000 0.0249245 0.0177426
11970000 0.0261935 0.0179015
12000000 0.0259949 0.0174257
12030000 0.0259612 0.0184779
12060000 0.0259221 0.0171864
12090000 0.0257652 0.018819
12120000 0.0265145 0.0197403
12150000 0.0259316 0.0195101
12180000 0.0273587 0.0193047
12210000 0.0268413 0.0182873
12240000 0.0251446 0.0169564
12270000 0.0270896 0.0189578
12300000 0.0274808 0.0188721
12330000 0.0256676 0.0194352
12360000 0.0262594 0.0189407
12390000 0.0271876 0.0221321
12420000 0.0268291 0.0204416
12450000 0.0262145 0.0192609
12480000 0.027423 0.0204433
12510000 0.0253359 0.0179028
12540000 0.0257804 0.0199282
12570000 0.0260753 0.0196126
12600000 0.0258967 0.0196968
12630000 0.0254926 0.0182333
12660000 0.0246364 0.0201306
12690000 0.0256638 0.0191826
12720000 0.0262662 0.019707
12750000 0.0255219 0.0185361
12780000 0.0282593 0.020372
12810000 0.0269791 0.0202974
12840000 0.0260132 0.0188787
12870000 0.0260185 0.0231446
12900000 0.0261047 0.0187877
12930000 0.0248237 0.019048
12960000 0.0246497 0.0189353
12990000 0.0247787 0.0176951
13020000 0.0262915 0.0196059
13050000 0.0255875 0.0211209
13080000 0.0253373 0.0200408
13110000 0.0246271 0.0196868
13140000 0.024201 0.019275
13170000 0.0255644 0.0202582
13200000 0.0253865 0.0197286
13230000 0.0247015 0.0191998
13260000 0.0258128 0.0199219
13290000 0.024823 0.0186859
13320000 0.0270745 0.0190714
13350000 0.0258511 0.0197546
13380000 0.0249056 0.0200743
13410000 0.0249369 0.0210352
13440000 0.0266662 0.021346
13470000 0.0273692 0.020327
13500000 0.0267337 0.0198107
13530000 0.0253796 0.0198448
13560000 0.0255021 0.02059
13590000 0.0253106 0.0194221
13620000 0.0265706 0.0193553
13650000 0.0250891 0.0189762
13680000 0.0260957 0.0206814
13710000 0.0252462 0.0195475
13740000 0.025776 0.0208535
13770000 0.0248339 0.0199178
13800000 0.0245202 0.0190791
13830000 0.0250246 0.0180571
13860000 0.0260911 0.018876
13890000 0.0248653 0.018361
13920000 0.0246272 0.0188767
13950000 0.0244685 0.0187878
13980000 0.0255621 0.0189731
14010000 0.0268761 0.0204349
14040000 0.0251532 0.0187035
14070000 0.023985 0.016731
14100000 0.022813 0.0165137
14130000 0.0265383 0.0196271
14160000 0.02673 0.0186317
14190000 0.0244157 0.0184951
14220000 0.0238168 0.016734
14250000 0.0254054 0.0184327
14280000 0.0247912 0.018105
14310000 0.0249563 0.017806
14340000 0.023495 0.0168916
14370000 0.0262045 0.0198003
14400000 0.0259653 0.0182663
14430000 0.0237634 0.0173703
14460000 0.0233879 0.0169389
14490000 0.0242262 0.0179435
14520000 0.0246994 0.0192696
14550000 0.0268455 0.0205921
14580000 0.0244726 0.0188929
14610000 0.026584 0.0185658
14640000 0.0266298 0.0218733
14670000 0.0253659 0.0187949
14700000 0.0254716 0.0191683
14730000 0.0269373 0.0184152
14760000 0.0258451 0.0191035
14790000 0.0271658 0.0214193
14820000 0.0268896 0.0208941
14850000 0.0277544 0.0217517
14880000 0.0276438 0.021075
14910000 0.029068 0.0208335
14940000 0.028257 0.0215188
14970000 0.0280425 0.0211643
15000000 0.0298549 0.0201569
15030000 0.0281104 0.0187224
15060000 0.0305204 0.0217459
15090000 0.0290381 0.0193033
15120000 0.0287821 0.0193416
15150000 0.0278999 0.0196861
15180000 0.0282008 0.0197918
15210000 0.0290594 0.0183005
15240000 0.027553 0.0188684
15270000 0.0303456 0.0214291
15300000 0.0284374 0.0178594
15330000 0.0307296 0.0216281
15360000 0.0302456 0.0203601
15390000 0.0299186 0.0215107
15420000 0.0314329 0.0202274
15450000 0.0306422 0.0212061
15480000 0.0302341 0.0188817
15510000 0.030559 0.0200626
15540000 0.0298089 0.0187672
15570000 0.0319216 0.0187093
15600000 0.0301444 0.0192592
15630000 0.0341013 0.0215478
15660000 0.0314763 0.0188588
15690000 0.0316584 0.0181547
15720000 0.0322699 0.0200818
15750000 0.0331395 0.0201247
15780000 0.0319921 0.0212489
15810000 0.0341732 0.0211355
15840000 0.0347689 0.0203483
15870000 0.0341265 0.0213604
15900000 0.0344445 0.0237775
15930000 0.0309458 0.019318
15960000 0.0351072 0.0212389
15990000 0.0331094 0.0209252
16020000 0.0322936 0.0194619
16050000 0.0336493 0.0191977
16080000 0.0350639 0.0210194
16110000 0.0334006 0.0193921
16140000 0.0349055 0.0215148
16170000 0.033622 0.0228274
16200000 0.0348077 0.0211254
16230000 0.0340823 0.0225635
16260000 0.0363816 0.0213586
16290000 0.0366274 0.020248
16320000 0.0356905 0.0227806
16350000 0.0334311 0.0196439
16380000 0.0336193 0.0205673
16410000 0.0377913 0.0221456
16440000 0.0351266 0.023344
16470000 0.0337644 0.0185355
16500000 0.0389946 0.0224097
16530000 0.0380786 0.0204184
16560000 0.0386727 0.0211005
16590000 0.0389623 0.0219922
16620000 0.0406503 0.0217523
16650000 0.0386605 0.0208234
16680000 0.0404847 0.0170249
16710000 0.0413958 0.0212956
16740000 0.0405514 0.0229558
16770000 0.0392803 0.0224155
16800000 0.0408228 0.0209396
16830000 0.0427764 0.0190445
16860000 0.0419075 0.0173696
16890000 0.046313 0.0217405
16920000 0.0456138 0.0194774
16950000 0.0454075 0.0178694
16980000 0.0498296 0.020887
17010000 0.0466315 0.0163693
17040000 0.0483531 0.0166151
17070000 0.051196 0.0175958
17100000 0.0454857 0.0171582
17130000 0.0505976 0.0218437
17160000 0.0494968 0.0170433
17190000 0.0491423 0.0190803
17220000 0.0491882 0.0210893
17250000 0.0487304 0.0181713
17280000 0.0447714 0.0150531
17310000 0.0503911 0.0197487
17340000 0.0528977 0.0213188
17370000 0.0512112 0.0168217
17400000 0.0548599 0.0204028
17430000 0.0508474 0.0203801
17460000 0.0535755 0.0178713
17490000 0.0553579 0.0256843
17520000 0.0556181 0.0181683
17550000 0.0531878 0.0252664
17580000 0.0588503 0.0227934
17610000 0.0591144 0.0213196
17640000 0.0619665 0.022707
17670000 0.0604497 0.0248033
17700000 0.0655323 0.0247587
17730000 0.0640007 0.0190573
17760000 0.0586658 0.0207495
17790000 0.0669817 0.0243089
17820000 0.0653084 0.0265545
17850000 0.0633171 0.0265929
17880000 0.0721922 0.0268604
17910000 0.0679436 0.0292559
17940000 0.0729712 0.0301686
17970000 0.0747205 0.0315299
18000000 0.0834693 0.032869
18030000 0.0785704 0.0297514
18060000 0.0914293 0.0320788
18090000 0.0895047 0.0371536
18120000 0.0820619 0.0320149
18150000 0.0831307 0.0356803
18180000 0.0923678 0.0399902
18210000 0.0868839 0.0430064
18240000 0.0923268 0.0391032
18270000 0.0882207 0.0360655
18300000 0.101182 0.0462763
18330000 0.106722 0.0361098
18360000 0.0948501 0.0224834
18390000 0.105603 0.0364609
18420000 0.0946835 0.0295183
18450000 0.117589 0.0261344
18480000 0.105961 0.0289941
18510000 0.115643 0.0256008
18540000 0.105557 0.0131578
18570000 0.129064 0
