30000 16.6874 3.96279
60000 5.84867 1.77815
90000 3.45683 1.21323
120000 2.46956 0.928898
150000 1.92829 0.764708
180000 1.58872 0.623817
210000 1.36064 0.530083
240000 1.20738 0.478238
270000 1.09517 0.444411
300000 1 0.411565
330000 0.924837 0.405575
360000 0.856181 0.345923
390000 0.79987 0.317544
420000 0.75367 0.300182
450000 0.711942 0.285843
480000 0.679484 0.258511
510000 0.649275 0.241294
540000 0.617603 0.222354
570000 0.599702 0.239737
600000 0.581378 0.258563
630000 0.56006 0.224759
660000 0.540037 0.194255
690000 0.518775 0.173271
720000 0.499409 0.156277
750000 0.486913 0.153986
780000 0.478999 0.143639
810000 0.463225 0.159063
840000 0.45259 0.152373
870000 0.440181 0.156165
900000 0.433595 0.149846
930000 0.430029 0.160298
960000 0.421704 0.166581
990000 0.409616 0.158797
1020000 0.401856 0.139448
1050000 0.395785 0.135586
1080000 0.388919 0.134207
1110000 0.381051 0.134552
1140000 0.372674 0.123604
1170000 0.362446 0.120325
1200000 0.36015 0.119681
1230000 0.36214 0.121591
1260000 0.353631 0.13052
1290000 0.350858 0.130377
1320000 0.346023 0.123626
1350000 0.340143 0.11781
1380000 0.337471 0.117761
1410000 0.331629 0.113807
1440000 0.326696 0.117532
1470000 0.322418 0.118457
1500000 0.323061 0.11986
1530000 0.316756 0.113002
1560000 0.313881 0.112993
1590000 0.308551 0.114746
1620000 0.308898 0.118531
1650000 0.302222 0.115695
1680000 0.300668 0.116058
1710000 0.300446 0.110611
1740000 0.297675 0.111181
1770000 0.289968 0.10908
1800000 0.286515 0.106639
1830000 0.282964 0.107517
1860000 0.282278 0.106848
1890000 0.280712 0.107477
1920000 0.278304 0.108689
1950000 0.276629 0.112393
1980000 0.273903 0.112597
2010000 0.270228 0.107018
2040000 0.266195 0.106028
2070000 0.264455 0.101557
2100000 0.262364 0.105597
2130000 0.260946 0.101576
2160000 0.257088 0.100173
2190000 0.253464 0.0990445
2220000 0.252495 0.0981913
2250000 0.250407 0.0985161
2280000 0.247122 0.097712
2310000 0.245478 0.0958096
2340000 0.242525 0.0933235
2370000 0.239509 0.0922528
2400000 0.238427 0.0900143
2430000 0.234483 0.0895566
2460000 0.229791 0.0874096
2490000 0.229524 0.0880827
2520000 0.225294 0.0866573
2550000 0.222167 0.0857908
2580000 0.221776 0.0854021
2610000 0.218702 0.0862775
2640000 0.218549 0.0867195
2670000 0.216873 0.0864629
2700000 0.214001 0.0843153
2730000 0.211513 0.083701
2760000 0.209015 0.0840551
2790000 0.208275 0.0853291
2820000 0.206343 0.0847892
2850000 0.205956 0.0842549
2880000 0.2006 0.0843912
2910000 0.198375 0.0827689
2940000 0.197809 0.0830718
2970000 0.193983 0.0832956
3000000 0.194636 0.0842548
3030000 0.192402 0.0819903
3060000 0.191765 0.0799316
3090000 0.18891 0.082389
3120000 0.187873 0.0831757
3150000 0.183653 0.079612
3180000 0.183032 0.0801787
3210000 0.17936 0.0775925
3240000 0.180141 0.0796262
3270000 0.17569 0.0779167
3300000 0.175463 0.0773191
3330000 0.174602 0.0772968
3360000 0.172156 0.076564
3390000 0.169781 0.076034
3420000 0.167642 0.0755927
3450000 0.168046 0.0746125
3480000 0.1634 0.0729334
3510000 0.165815 0.0756498
3540000 0.162072 0.0727134
3570000 0.161464 0.0723399
3600000 0.162195 0.0738777
3630000 0.162161 0.075736
3660000 0.157552 0.0720507
3690000 0.155877 0.0719687
3720000 0.158048 0.0713434
3750000 0.155369 0.0731658
3780000 0.155275 0.0727727
3810000 0.153534 0.0738844
3840000 0.151344 0.0727614
3870000 0.148581 0.0710119
3900000 0.150839 0.0692407
3930000 0.151359 0.0728053
3960000 0.147934 0.0709852
3990000 0.146023 0.068768
4020000 0.143596 0.0692835
4050000 0.14256 0.0700981
4080000 0.141185 0.0692022
4110000 0.140742 0.0683781
4140000 0.138638 0.0683354
4170000 0.138092 0.0700869
4200000 0.135449 0.0665399
4230000 0.135029 0.0686992
4260000 0.13472 0.0675128
4290000 0.132633 0.0662841
4320000 0.131838 0.0663801
4350000 0.127837 0.0648045
4380000 0.130157 0.0656136
4410000 0.130143 0.0670194
4440000 0.129092 0.066458
4470000 0.129037 0.0664964
4500000 0.127735 0.0662977
4530000 0.126672 0.0658346
4560000 0.126435 0.0662365
4590000 0.125035 0.0638179
4620000 0.123343 0.0644377
4650000 0.122599 0.0659648
4680000 0.120969 0.0635469
4710000 0.123445 0.0640813
4740000 0.12075 0.0630809
4770000 0.119593 0.0643827
4800000 0.11652 0.0622092
4830000 0.11714 0.0629707
4860000 0.117483 0.0621197
4890000 0.116233 0.0619522
4920000 0.115368 0.0616623
4950000 0.114918 0.0610913
4980000 0.114227 0.0590806
5010000 0.113202 0.0602877
5040000 0.112789 0.0588936
5070000 0.111736 0.0595192
5100000 0.112078 0.0593337
5130000 0.111511 0.060346
5160000 0.111857 0.0590758
5190000 0.10835 0.0588806
5220000 0.108381 0.0557593
5250000 0.110014 0.0586257
5280000 0.108641 0.0562826
5310000 0.107266 0.0576056
5340000 0.106159 0.0565575
5370000 0.106543 0.0576814
5400000 0.105849 0.0575047
5430000 0.104953 0.0561229
5460000 0.104093 0.0556263
5490000 0.10397 0.054994
5520000 0.103058 0.0546979
5550000 0.10106 0.0542563
5580000 0.0989811 0.0526116
5610000 0.0992058 0.0527795
5640000 0.0987878 0.0524717
5670000 0.0978523 0.0534685
5700000 0.0968939 0.0523457
5730000 0.0961998 0.0516448
5760000 0.0944596 0.0529454
5790000 0.0957347 0.0504035
5820000 0.0944701 0.0519999
5850000 0.0948884 0.0509332
5880000 0.093122 0.0513594
5910000 0.0932888 0.0494526
5940000 0.0914004 0.0488817
5970000 0.090868 0.0487227
6000000 0.0897989 0.0496333
6030000 0.090178 0.0485659
6060000 0.0904722 0.0495619
6090000 0.0886363 0.0474383
6120000 0.0884438 0.0474462
6150000 0.0874076 0.0464394
6180000 0.0879226 0.0475908
6210000 0.0860067 0.0454865
6240000 0.0851303 0.0460654
6270000 0.0855084 0.0458234
6300000 0.0848906 0.0456558
6330000 0.0847426 0.0465213
6360000 0.0843246 0.0461114
6390000 0.0828495 0.044794
6420000 0.082885 0.0447957
6450000 0.0804032 0.0439303
6480000 0.0831164 0.0445884
6510000 0.0821 0.045075
6540000 0.0804103 0.0445405
6570000 0.0817594 0.046068
6600000 0.0797708 0.0447303
6630000 0.0783602 0.0423747
6660000 0.0791142 0.042573
6690000 0.0769486 0.0430705
6720000 0.0767767 0.0422915
6750000 0.0760395 0.0435336
6780000 0.0760364 0.0439057
6810000 0.0749836 0.0413235
6840000 0.0738124 0.0417166
6870000 0.0749092 0.0434593
6900000 0.0737474 0.0420159
6930000 0.0719573 0.042207
6960000 0.0724678 0.0413493
6990000 0.072713 0.0417323
7020000 0.0735466 0.0421115
7050000 0.0721921 0.0409491
7080000 0.0718233 0.0410743
7110000 0.072102 0.0419796
7140000 0.0700008 0.0390252
7170000 0.068897 0.039617
7200000 0.0692959 0.0395068
7230000 0.0671118 0.0379771
7260000 0.067692 0.0399124
7290000 0.0685938 0.0405614
7320000 0.0680979 0.039436
7350000 0.0670874 0.0394494
7380000 0.067186 0.0390747
7410000 0.0681403 0.0391375
7440000 0.0669769 0.0387603
7470000 0.0661438 0.0395616
7500000 0.0665023 0.0386107
7530000 0.0654047 0.0387631
7560000 0.0658288 0.0375862
7590000 0.0649216 0.0371775
7620000 0.0642801 0.0367398
7650000 0.0633224 0.0363934
7680000 0.0635008 0.0368791
7710000 0.0624495 0.0362155
7740000 0.0633503 0.0374421
7770000 0.0622682 0.0356632
7800000 0.0615954 0.0356946
7830000 0.0602083 0.035298
7860000 0.0616725 0.0354522
7890000 0.06225 0.0361255
7920000 0.0597364 0.036441
7950000 0.059181 0.0346455
7980000 0.0602509 0.0340569
8010000 0.0602737 0.0352723
8040000 0.0584056 0.0347579
8070000 0.0598834 0.035782
8100000 0.0591132 0.035912
8130000 0.0578956 0.0347863
8160000 0.0597275 0.0368118
8190000 0.0589007 0.0353242
8220000 0.0581966 0.0361104
8250000 0.0577315 0.0339899
8280000 0.0570399 0.034974
8310000 0.0572972 0.0352539
8340000 0.0580211 0.0355193
8370000 0.0572783 0.0349521
8400000 0.0555723 0.0335289
8430000 0.0567391 0.0344786
8460000 0.0543863 0.0333893
8490000 0.0542232 0.0323681
8520000 0.0538263 0.0326253
8550000 0.0554552 0.0343131
8580000 0.053795 0.0334054
8610000 0.0533087 0.0323979
8640000 0.0530212 0.032941
8670000 0.0545405 0.0335157
8700000 0.0540209 0.0346754
8730000 0.0525145 0.0323327
8760000 0.0527091 0.0331739
8790000 0.0528643 0.0314816
8820000 0.0508586 0.030737
8850000 0.053178 0.0322564
8880000 0.0520883 0.0323733
8910000 0.0523708 0.0332794
8940000 0.0512352 0.0306515
8970000 0.0512087 0.0319995
9000000 0.0515934 0.0307024
9030000 0.0502562 0.031365
9060000 0.0518141 0.031104
9090000 0.0507577 0.030445
9120000 0.0486828 0.0295658
9150000 0.0495295 0.0300155
9180000 0.0488772 0.0294185
9210000 0.048178 0.0281541
9240000 0.0488941 0.0304237
9270000 0.0486697 0.0292071
9300000 0.0475553 0.0295512
9330000 0.0489309 0.0290787
9360000 0.0479285 0.0280554
9390000 0.047523 0.0289984
9420000 0.0478119 0.0302829
9450000 0.0456652 0.0287779
9480000 0.0455154 0.027924
9510000 0.0466992 0.0292737
9540000 0.0462198 0.0281871
9570000 0.0452809 0.0296633
9600000 0.0453076 0.0272313
9630000 0.0445344 0.0280305
9660000 0.0449474 0.0280523
9690000 0.0448625 0.0285972
9720000 0.044022 0.0270359
9750000 0.0439121 0.0288787
9780000 0.0427677 0.0273179
9810000 0.0440913 0.0267824
9840000 0.043953 0.027351
9870000 0.0433183 0.0269373
9900000 0.0429396 0.0255549
9930000 0.0419945 0.0263231
9960000 0.0421789 0.0262799
9990000 0.0412867 0.0256679
10020000 0.0412409 0.0262771
10050000 0.0422176 0.0266598
10080000 0.0401018 0.0254756
10110000 0.0408747 0.0275252
10140000 0.0405036 0.0259783
10170000 0.0405259 0.0256282
10200000 0.0405139 0.0256014
10230000 0.0402202 0.0251446
10260000 0.0389925 0.0249209
10290000 0.0387429 0.0252116
10320000 0.0401973 0.0256325
10350000 0.0396199 0.0244156
10380000 0.0394155 0.0253228
10410000 0.0394454 0.0246321
10440000 0.0388407 0.0253106
10470000 0.0386993 0.0235667
10500000 0.0383856 0.024584
10530000 0.0378917 0.0242791
10560000 0.0380726 0.023906
10590000 0.0368898 0.0240602
10620000 0.0373089 0.0234852
10650000 0.036148 0.0235468
10680000 0.0356402 0.0235416
10710000 0.0365016 0.0239172
10740000 0.0343012 0.0228254
10770000 0.0367105 0.0308411
10800000 0.0359791 0.0232161
10830000 0.0350664 0.0222796
10860000 0.0351842 0.0236643
10890000 0.0357186 0.0229534
10920000 0.0348884 0.0224961
10950000 0.0360349 0.0223668
10980000 0.0352735 0.0221253
11010000 0.0352298 0.0236122
11040000 0.0361188 0.0225834
11070000 0.0352318 0.0224238
11100000 0.0353094 0.0217064
11130000 0.0357596 0.0234302
11160000 0.0350927 0.0215661
11190000 0.035557 0.0222913
11220000 0.0338276 0.0217914
11250000 0.0358541 0.022867
11280000 0.034246 0.0216933
11310000 0.0341265 0.0212914
11340000 0.0339313 0.0213506
11370000 0.0337856 0.0218016
11400000 0.0329976 0.0202111
11430000 0.0331232 0.0208016
11460000 0.0334429 0.0207286
11490000 0.0338673 0.0209189
11520000 0.0332511 0.0217506
11550000 0.0333557 0.0202792
11580000 0.0330968 0.0202044
11610000 0.0326788 0.0203977
11640000 0.0326311 0.0199159
11670000 0.0327415 0.0201534
11700000 0.0328553 0.0206688
11730000 0.0319466 0.01974
11760000 0.0326153 0.019205
11790000 0.0322112 0.0203278
11820000 0.0315147 0.0198105
11850000 0.0306196 0.0194286
11880000 0.0318541 0.0189609
11910000 0.0314876 0.0192846
11940000 0.0317657 0.020802
11970000 0.0319188 0.019674
12000000 0.031195 0.0189794
12030000 0.0313081 0.0197273
12060000 0.0308291 0.0197289
12090000 0.0310718 0.0186657
12120000 0.0293081 0.0189962
12150000 0.0308047 0.0189704
12180000 0.0299056 0.0192232
12210000 0.0305245 0.0190901
12240000 0.0299327 0.0185919
12270000 0.0299851 0.0189184
12300000 0.0295325 0.0184916
12330000 0.0291701 0.0182396
12360000 0.0293458 0.0192141
12390000 0.0294326 0.0181355
12420000 0.029527 0.0183221
12450000 0.029088 0.0188155
12480000 0.0296564 0.0187143
12510000 0.029083 0.0195411
12540000 0.028449 0.0184861
12570000 0.0282604 0.0186055
12600000 0.0288473 0.0186523
12630000 0.0277348 0.0180415
12660000 0.0288438 0.0190209
12690000 0.0287687 0.0180559
12720000 0.0296589 0.0192804
12750000 0.0295354 0.0184476
12780000 0.0293093 0.019862
12810000 0.0303376 0.0196191
12840000 0.029064 0.0195827
12870000 0.0293961 0.0196649
12900000 0.0295589 0.019876
12930000 0.0297781 0.0189119
12960000 0.0289231 0.0191966
12990000 0.0284426 0.0184904
13020000 0.0288631 0.0194919
13050000 0.0277123 0.018405
13080000 0.0282896 0.0196619
13110000 0.0288731 0.0195703
13140000 0.0276782 0.0193338
13170000 0.0285751 0.0192682
13200000 0.0276644 0.0193897
13230000 0.0281648 0.0188998
13260000 0.0282018 0.0189412
13290000 0.0286114 0.0203388
13320000 0.0277545 0.019741
13350000 0.0285835 0.0199092
13380000 0.0279927 0.0191978
13410000 0.028287 0.019477
13440000 0.0291317 0.0197621
13470000 0.027434 0.0177524
13500000 0.0281439 0.0186531
13530000 0.0286651 0.0193503
13560000 0.0281543 0.0191611
13590000 0.0274327 0.0179592
13620000 0.0277903 0.0191951
13650000 0.0293989 0.0204588
13680000 0.0283081 0.0183462
13710000 0.0280844 0.0200462
13740000 0.0292333 0.0195215
13770000 0.0281739 0.019874
13800000 0.02797 0.0189347
13830000 0.0284991 0.0194544
13860000 0.028073 0.0201749
13890000 0.0289082 0.0200358
13920000 0.0283998 0.0186926
13950000 0.028822 0.0193603
13980000 0.0288119 0.0199269
14010000 0.0290833 0.0190737
14040000 0.0279322 0.0187499
14070000 0.0292297 0.0198929
14100000 0.0288124 0.0190745
14130000 0.0285503 0.0187342
14160000 0.0281655 0.0196015
14190000 0.0273188 0.0183
14220000 0.0293082 0.0191756
14250000 0.0295332 0.0198978
14280000 0.0294895 0.0207238
14310000 0.0289555 0.0195942
14340000 0.029349 0.0198029
14370000 0.0286817 0.019494
14400000 0.0295066 0.0203845
14430000 0.0280106 0.0189806
14460000 0.0281879 0.019481
14490000 0.0297011 0.0193482
14520000 0.0292785 0.0200641
14550000 0.0293221 0.0187945
14580000 0.0289208 0.0186754
14610000 0.0300025 0.0202184
14640000 0.0291461 0.0192345
14670000 0.0289155 0.0184714
14700000 0.030015 0.0196398
14730000 0.0298555 0.019535
14760000 0.0291687 0.0189469
14790000 0.0300748 0.0195206
14820000 0.0288236 0.0190984
14850000 0.0289458 0.0196726
14880000 0.0286532 0.0195638
14910000 0.0298434 0.0203936
14940000 0.0301507 0.0186516
14970000 0.0298434 0.0200179
15000000 0.0307116 0.0204083
15030000 0.0309115 0.0194748
15060000 0.0306294 0.0191417
15090000 0.0295947 0.0190843
15120000 0.0288534 0.0193897
15150000 0.0307668 0.0191181
15180000 0.0305212 0.0189573
15210000 0.0304424 0.0194873
15240000 0.0295855 0.0195177
15270000 0.0297579 0.0186677
15300000 0.029679 0.0175954
15330000 0.0289705 0.0189537
15360000 0.0300151 0.0191055
15390000 0.0293187 0.0191267
15420000 0.0295106 0.0186615
15450000 0.0292955 0.0178749
15480000 0.0289977 0.0187111
15510000 0.030833 0.0184747
15540000 0.0292251 0.0179799
15570000 0.0289859 0.0190107
15600000 0.0303458 0.0191171
15630000 0.0304596 0.0192167
15660000 0.0300601 0.0188855
15690000 0.0301362 0.0180418
15720000 0.0297097 0.0185062
15750000 0.0306758 0.0188506
15780000 0.0287985 0.0182015
15810000 0.0298364 0.0181796
15840000 0.0294392 0.0184034
15870000 0.0297718 0.0174438
15900000 0.0297914 0.0175589
15930000 0.0297969 0.0189532
15960000 0.0303112 0.0182404
15990000 0.0310177 0.0192739
16020000 0.031484 0.0195301
16050000 0.0294075 0.0176766
16080000 0.0314492 0.0183817
16110000 0.0302726 0.0183413
16140000 0.0314747 0.019608
16170000 0.0300598 0.0182997
16200000 0.0301418 0.0189313
16230000 0.0301828 0.01841
16260000 0.031697 0.0181597
16290000 0.030678 0.0194331
16320000 0.0308764 0.0191412
16350000 0.0309368 0.018239
16380000 0.0310241 0.0175296
16410000 0.0302679 0.0185919
16440000 0.0327255 0.0195379
16470000 0.0321157 0.0194049
16500000 0.0307917 0.0190578
16530000 0.0312052 0.0191213
16560000 0.0315388 0.0187121
16590000 0.0320545 0.0192029
16620000 0.0318082 0.0188994
16650000 0.0307805 0.0190645
16680000 0.0318738 0.0189552
16710000 0.0309616 0.0182562
16740000 0.0314264 0.0192608
16770000 0.031698 0.0193838
16800000 0.0317166 0.0187275
16830000 0.0312284 0.0180909
16860000 0.031071 0.0191178
16890000 0.032204 0.0188874
16920000 0.0317572 0.0184205
16950000 0.0309358 0.0179563
16980000 0.0316625 0.018962
17010000 0.0315908 0.0186541
17040000 0.031794 0.0175995
17070000 0.0318046 0.0182819
17100000 0.031555 0.0191945
17130000 0.0324663 0.0200407
17160000 0.0313554 0.0182925
17190000 0.0321592 0.0195476
17220000 0.031922 0.0191611
17250000 0.0311162 0.0187222
17280000 0.0322103 0.0188651
17310000 0.0321295 0.0187062
17340000 0.0333777 0.0187227
17370000 0.0319117 0.019053
17400000 0.032082 0.018584
17430000 0.0327244 0.0184307
17460000 0.0329872 0.0180889
17490000 0.0326789 0.0194371
17520000 0.0319379 0.0190126
17550000 0.0324436 0.0193006
17580000 0.0321271 0.0176719
17610000 0.032126 0.0180496
17640000 0.0333539 0.0188016
17670000 0.0325591 0.0191072
17700000 0.032754 0.0195285
17730000 0.0321193 0.0184087
17760000 0.0336852 0.0194779
17790000 0.032864 0.0192485
17820000 0.0338998 0.0187777
17850000 0.0335569 0.0194851
17880000 0.0330857 0.0185213
17910000 0.032685 0.0178264
17940000 0.0335403 0.0187669
17970000 0.0340587 0.0182075
18000000 0.0334056 0.0189194
18030000 0.0323201 0.0184671
18060000 0.0326909 0.0174582
18090000 0.0334416 0.019176
18120000 0.0335919 0.0182231
18150000 0.0331184 0.0183231
18180000 0.0339726 0.018955
18210000 0.0338571 0.0184767
18240000 0.0349317 0.0189523
18270000 0.0330357 0.01857
18300000 0.0334546 0.0180075
18330000 0.0338023 0.0178362
18360000 0.0313087 0.0177505
18390000 0.0320926 0.0191799
18420000 0.0331504 0.0179764
18450000 0.0318372 0.0179004
18480000 0.0331895 0.0184693
18510000 0.0332756 0.0185762
18540000 0.0323984 0.0186905
18570000 0.0325068 0.0180183
18600000 0.0332125 0.0175293
18630000 0.0332768 0.0190761
18660000 0.0324726 0.0176266
18690000 0.0337657 0.0185604
18720000 0.0337255 0.020083
18750000 0.0336671 0.0185314
18780000 0.0335039 0.0195409
18810000 0.0343091 0.0189605
18840000 0.034004 0.0195711
18870000 0.0344248 0.019127
18900000 0.0345318 0.0193536
18930000 0.0335012 0.0188667
18960000 0.0341768 0.0186876
18990000 0.0346265 0.0194492
19020000 0.0335617 0.0187336
19050000 0.0338961 0.0185298
19080000 0.0357408 0.0199233
19110000 0.0349245 0.0178143
19140000 0.0334822 0.0192429
19170000 0.0344869 0.0202925
19200000 0.0347415 0.0199878
19230000 0.0352932 0.0197602
19260000 0.0331813 0.0186898
19290000 0.0347224 0.0179959
19320000 0.035169 0.0186404
19350000 0.0351681 0.0198891
19380000 0.0342893 0.0184741
19410000 0.0331315 0.0181248
19440000 0.0349491 0.0186305
19470000 0.0361261 0.0189139
19500000 0.0359537 0.0184954
19530000 0.0354026 0.0187307
19560000 0.0355356 0.0181478
19590000 0.0342111 0.0177932
19620000 0.036189 0.0184266
19650000 0.0356841 0.019179
19680000 0.033798 0.0174881
19710000 0.0365238 0.01929
19740000 0.0341253 0.0177762
19770000 0.036193 0.019024
19800000 0.0357592 0.017985
19830000 0.035393 0.0189292
19860000 0.036141 0.0185483
19890000 0.0348196 0.0185649
19920000 0.0360864 0.0199176
19950000 0.0353211 0.0177725
19980000 0.0349561 0.0188637
20010000 0.0357464 0.0192273
20040000 0.0360426 0.0186882
20070000 0.0363031 0.0189901
20100000 0.0364462 0.018712
20130000 0.0363044 0.0203211
20160000 0.0356192 0.0201153
20190000 0.0345574 0.0185636
20220000 0.0352497 0.01913
20250000 0.0356923 0.0189096
20280000 0.0374795 0.0198608
20310000 0.0367729 0.0195217
20340000 0.0360811 0.0190111
20370000 0.0355098 0.0188178
20400000 0.0367034 0.0205339
20430000 0.0366933 0.0195988
20460000 0.038624 0.0203848
20490000 0.0361428 0.0188218
20520000 0.0364184 0.0193811
20550000 0.0364433 0.0189057
20580000 0.0366845 0.0197065
20610000 0.0372037 0.0191222
20640000 0.0370996 0.0195733
20670000 0.0372282 0.0200287
20700000 0.0381115 0.0195684
20730000 0.0353231 0.0192621
20760000 0.0362281 0.0188825
20790000 0.0365143 0.0199926
20820000 0.0391213 0.0211864
20850000 0.0375293 0.0198304
20880000 0.0382171 0.0210059
20910000 0.0388042 0.021643
20940000 0.0385307 0.0202811
20970000 0.0382754 0.0210816
21000000 0.0376038 0.0196725
21030000 0.0375416 0.0213996
21060000 0.0389386 0.0217078
21090000 0.0393531 0.0210803
21120000 0.0376039 0.0206722
21150000 0.0389579 0.0203859
21180000 0.0384264 0.022216
21210000 0.0381116 0.0214109
21240000 0.0403337 0.0217659
21270000 0.0389658 0.0201059
21300000 0.0409628 0.0226814
21330000 0.0399405 0.0227773
21360000 0.0413217 0.0210793
21390000 0.0413816 0.0223584
21420000 0.040069 0.0219584
21450000 0.042782 0.024103
21480000 0.0413135 0.0231246
21510000 0.0424303 0.0223052
21540000 0.039968 0.0206854
21570000 0.0402153 0.0203301
21600000 0.0406424 0.0222391
21630000 0.0424341 0.023629
21660000 0.041556 0.0218642
21690000 0.042266 0.0235779
21720000 0.0438291 0.0226266
21750000 0.0408699 0.0220329
21780000 0.0416197 0.0213936
21810000 0.0437276 0.0236041
21840000 0.0424206 0.0212204
21870000 0.0420324 0.0237222
21900000 0.0427741 0.0218213
21930000 0.0427954 0.0222604
21960000 0.0442799 0.0225968
21990000 0.0426496 0.0218485
22020000 0.0444077 0.0221016
22050000 0.0435885 0.0233287
22080000 0.0453854 0.0231104
22110000 0.0437466 0.0226154
22140000 0.0448503 0.0229393
22170000 0.044355 0.0223755
22200000 0.0445543 0.023804
22230000 0.0448456 0.0231729
22260000 0.0470049 0.0242053
22290000 0.0455328 0.0229631
22320000 0.0452168 0.0220548
22350000 0.0451918 0.0232196
22380000 0.0451789 0.0227224
22410000 0.0462207 0.0241472
22440000 0.046875 0.0248244
22470000 0.0433336 0.0234193
22500000 0.0454251 0.023457
22530000 0.0468834 0.0237631
22560000 0.0462583 0.0233382
22590000 0.0466517 0.0227232
22620000 0.0463697 0.0241399
22650000 0.0461072 0.0236715
22680000 0.0459771 0.0230781
22710000 0.0468431 0.0236759
22740000 0.0474404 0.0235516
22770000 0.0495714 0.0232008
22800000 0.0484183 0.0234655
22830000 0.0482943 0.0263625
22860000 0.0480644 0.0242849
22890000 0.0495518 0.0254647
22920000 0.0495706 0.024831
22950000 0.0479425 0.0234498
22980000 0.049984 0.0257283
23010000 0.0487813 0.0243461
23040000 0.0504067 0.02631
23070000 0.0488198 0.0240595
23100000 0.0487054 0.0250967
23130000 0.0500466 0.0243489
23160000 0.0489505 0.0233226
23190000 0.0505454 0.0257389
23220000 0.0497104 0.0244707
23250000 0.0507922 0.0269076
23280000 0.0501208 0.0242303
23310000 0.0488763 0.0244502
23340000 0.0512198 0.0243757
23370000 0.0507082 0.0250049
23400000 0.0507222 0.0258124
23430000 0.0507229 0.0234645
23460000 0.0509746 0.0261506
23490000 0.0519081 0.0248403
23520000 0.0520815 0.0256823
23550000 0.0504558 0.0257574
23580000 0.0526457 0.0272646
23610000 0.0493383 0.0250745
23640000 0.0513507 0.0243919
23670000 0.0482634 0.0235279
23700000 0.0517801 0.0264706
23730000 0.0496869 0.0247935
23760000 0.0530074 0.0255486
23790000 0.0524775 0.0250694
23820000 0.0539028 0.0257719
23850000 0.0514967 0.0255953
23880000 0.0538421 0.0264848
23910000 0.0541116 0.028745
23940000 0.054224 0.0259811
23970000 0.0544169 0.0266307
24000000 0.053352 0.0271362
24030000 0.052675 0.0268431
24060000 0.0538715 0.0269754
24090000 0.0570423 0.0259266
24120000 0.0546286 0.0278681
24150000 0.0544485 0.0311221
24180000 0.0557547 0.0255861
24210000 0.0570724 0.0288467
24240000 0.0552489 0.0260362
24270000 0.0548643 0.0281041
24300000 0.0564862 0.0257272
24330000 0.0563474 0.0268097
24360000 0.056863 0.0266226
24390000 0.0580642 0.0300146
24420000 0.0592692 0.0299156
24450000 0.0567876 0.0270693
24480000 0.0567245 0.0270622
24510000 0.0581416 0.027411
24540000 0.0600596 0.0290725
24570000 0.0583883 0.0288008
24600000 0.0596963 0.0285195
24630000 0.0605763 0.0292076
24660000 0.0605041 0.0285582
24690000 0.0602557 0.0276716
24720000 0.059051 0.027913
24750000 0.0594607 0.0288309
24780000 0.061367 0.0280858
24810000 0.0644674 0.0291559
24840000 0.0606872 0.0301589
24870000 0.0665151 0.0350473
24900000 0.0617449 0.0274199
24930000 0.0618666 0.0262823
24960000 0.0606816 0.0260329
24990000 0.0621211 0.0278834
25020000 0.0630318 0.0285237
25050000 0.0640034 0.0268227
25080000 0.0625934 0.0264746
25110000 0.065843 0.0278347
25140000 0.0622477 0.0271589
25170000 0.0628731 0.0258616
25200000 0.0671003 0.0289587
25230000 0.0664985 0.0250492
25260000 0.0623515 0.023911
25290000 0.0642935 0.0256069
25320000 0.0625885 0.0243107
25350000 0.0647399 0.0244879
25380000 0.0627476 0.0241976
25410000 0.0672006 0.0238339
25440000 0.0655456 0.024087
25470000 0.0659752 0.0236567
25500000 0.066278 0.0240527
25530000 0.0651646 0.02258
25560000 0.0644762 0.0247803
25590000 0.0666733 0.0260133
25620000 0.0653814 0.0248231
25650000 0.0659544 0.0271821
25680000 0.0658295 0.023709
25710000 0.0660633 0.0242853
25740000 0.0630287 0.0249444
25770000 0.0699996 0.0258235
25800000 0.0699018 0.0245936
25830000 0.0668035 0.0260003
25860000 0.0678131 0.0249409
25890000 0.068716 0.0262392
25920000 0.069277 0.0242058
25950000 0.0688493 0.0242506
25980000 0.0681627 0.0236412
26010000 0.0692196 0.023607
26040000 0.0695592 0.0258817
26070000 0.068292 0.0243157
26100000 0.0711925 0.0226079
26130000 0.0728551 0.0232779
26160000 0.0753479 0.0234034
26190000 0.0721665 0.0225398
26220000 0.0740268 0.0241328
26250000 0.0744384 0.0260247
26280000 0.0707332 0.02101
26310000 0.0726753 0.0259657
26340000 0.0748769 0.0247144
26370000 0.0735661 0.0243703
26400000 0.0734347 0.0233687
26430000 0.075915 0.0226546
26460000 0.0758469 0.0237986
26490000 0.0743343 0.0209399
26520000 0.0748615 0.021143
26550000 0.0769222 0.0271966
26580000 0.0749672 0.0243662
26610000 0.0739192 0.0233505
26640000 0.0760854 0.0268306
26670000 0.075779 0.0226525
26700000 0.0767997 0.025627
26730000 0.0776047 0.0250176
26760000 0.0816956 0.0240627
26790000 0.0807189 0.0288612
26820000 0.0777429 0.0253474
26850000 0.0777772 0.0232256
26880000 0.0806549 0.0253074
26910000 0.0824271 0.0233721
26940000 0.0781676 0.0273049
26970000 0.080111 0.0227925
27000000 0.0824244 0.0287758
27030000 0.0799523 0.0265262
27060000 0.0849228 0.0242375
27090000 0.0833033 0.0253631
27120000 0.0793439 0.0293365
27150000 0.0847117 0.0249973
27180000 0.0871833 0.0332055
27210000 0.0813081 0.0300415
27240000 0.0842379 0.0261715
27270000 0.0843366 0.0280987
27300000 0.0836576 0.0266619
27330000 0.0811488 0.0247731
27360000 0.0833606 0.0262617
27390000 0.0839182 0.0269028
27420000 0.0882154 0.0264539
27450000 0.085212 0.0322991
27480000 0.0820413 0.025996
27510000 0.0870684 0.0277578
27540000 0.0855347 0.0289158
27570000 0.0844513 0.0305305
27600000 0.0872961 0.0306608
27630000 0.0864149 0.0343044
27660000 0.0855698 0.0260488
27690000 0.0875352 0.0268436
27720000 0.0904766 0.0270517
27750000 0.0882923 0.0275665
27780000 0.0894254 0.0280856
27810000 0.0926423 0.028372
27840000 0.0886533 0.0321256
27870000 0.0935408 0.0320142
27900000 0.092649 0.032512
27930000 0.0903527 0.0319915
27960000 0.092196 0.029619
27990000 0.0957945 0.0292804
28020000 0.095936 0.0293076
28050000 0.0971351 0.0321657
28080000 0.0976167 0.0364449
28110000 0.0952664 0.027928
28140000 0.092554 0.0270014
28170000 0.0970711 0.0319012
28200000 0.0938054 0.0278639
28230000 0.0948826 0.0316648
28260000 0.0954121 0.0309624
28290000 0.0916499 0.0293817
28320000 0.0938194 0.0235729
28350000 0.100091 0.0299501
28380000 0.101966 0.0321774
28410000 0.0966955 0.0273196
28440000 0.0944563 0.0292576
28470000 0.0941084 0.0237013
28500000 0.0973712 0.0334269
28530000 0.097384 0.0273222
28560000 0.100948 0.025913
28590000 0.0952008 0.0292396
28620000 0.106133 0.0368333
28650000 0.101602 0.0315671
28680000 0.100539 0.0293342
28710000 0.0985699 0.0291583
28740000 0.103674 0.0313884
28770000 0.100167 0.0298599
28800000 0.100936 0.0281036
28830000 0.102026 0.0299143
28860000 0.104923 0.0278653
28890000 0.110555 0.0306095
28920000 0.109336 0.0284021
28950000 0.110058 0.0356479
28980000 0.115311 0.0279238
29010000 0.113663 0.0326607
29040000 0.11065 0.0343888
29070000 0.114067 0.0370492
29100000 0.114694 0.0370883
29130000 0.111602 0.0400637
29160000 0.118801 0.0360781
29190000 0.120062 0.030443
29220000 0.127873 0.036752
29250000 0.126161 0.0357813
29280000 0.123683 0.0399421
29310000 0.129755 0.0344179
29340000 0.13313 0.0353607
29370000 0.136558 0.0287074
29400000 0.13957 0.0299618
29430000 0.142747 0.0407234
29460000 0.135068 0.0324678
29490000 0.147911 0.0351907
29520000 0.144701 0.0366725
29550000 0.14738 0.0404873
29580000 0.141301 0.0406758
29610000 0.153281 0.0529222
29640000 0.160085 0.0490799
29670000 0.170908 0.0498861
29700000 0.158892 0.0499008
29730000 0.177559 0.0681533
29760000 0.181668 0.059062
29790000 0.17963 0.06027
29820000 0.191987 0.0504524
29850000 0.194183 0.057263
29880000 0.201289 0.0457624
29910000 0.213613 0.0616738
29940000 0.224081 0.0671086
29970000 0.262879 0.0833637
30000000 0.243146 0.087214
30030000 0.291446 0.0843395
30060000 0.310176 0.110254
30090000 0.315797 0.102346
30120000 0.324984 0.0894391
30150000 0.358974 0.101092
30180000 0.401147 0.137643
30210000 0.445436 0.178185
30240000 0.512682 0.180068
30270000 0.646791 0.23092
30300000 0.707984 0.316888
30330000 0.938603 0.403893
30360000 1.33754 0.605565
30390000 2.07836 0.863915
30420000 3.1741 0
