30000 14.0913 3.67367
60000 5.2105 1.79867
90000 3.18187 1.2682
120000 2.33877 1.05615
150000 1.87348 0.893582
180000 1.56778 0.762044
210000 1.35762 0.691192
240000 1.20413 0.625795
270000 1.09751 0.585981
300000 1 0.543001
330000 0.931382 0.509773
360000 0.872268 0.492764
390000 0.827963 0.477765
420000 0.794106 0.466669
450000 0.748712 0.446667
480000 0.714365 0.413813
510000 0.68043 0.380189
540000 0.651893 0.352412
570000 0.625371 0.360264
600000 0.599099 0.342251
630000 0.580928 0.345325
660000 0.562012 0.328931
690000 0.543816 0.315427
720000 0.529131 0.29021
750000 0.513264 0.279935
780000 0.493891 0.257704
810000 0.482702 0.2612
840000 0.471321 0.254559
870000 0.460631 0.248919
900000 0.452336 0.226579
930000 0.439087 0.203163
960000 0.426615 0.191257
990000 0.417351 0.181632
1020000 0.411785 0.180862
1050000 0.405741 0.18818
1080000 0.401834 0.205022
1110000 0.399352 0.263249
1140000 0.417282 0.703019
1170000 0.3983 0.497613
1200000 0.378419 0.245631
1230000 0.364499 0.1885
1260000 0.354669 0.164816
1290000 0.344386 0.151008
1320000 0.340268 0.146987
1350000 0.331605 0.135831
1380000 0.327147 0.138086
1410000 0.317993 0.124839
1440000 0.316 0.120411
1470000 0.30998 0.115008
1500000 0.304063 0.112571
1530000 0.301571 0.111631
1560000 0.295716 0.10465
1590000 0.289945 0.100914
1620000 0.287736 0.103247
1650000 0.279601 0.102469
1680000 0.278604 0.104484
1710000 0.271975 0.101342
1740000 0.271445 0.102962
1770000 0.264289 0.0988853
1800000 0.258393 0.099973
1830000 0.257279 0.101116
1860000 0.251631 0.0959735
1890000 0.248421 0.0915151
1920000 0.242277 0.0905711
1950000 0.237889 0.0852781
1980000 0.234068 0.0831502
2010000 0.2322 0.0841747
2040000 0.229299 0.0837371
2070000 0.226859 0.0832118
2100000 0.222638 0.0823973
2130000 0.22258 0.0839562
2160000 0.21872 0.0857608
2190000 0.213444 0.0832835
2220000 0.213537 0.0836901
2250000 0.208077 0.0824813
2280000 0.208596 0.0833603
2310000 0.205166 0.0854802
2340000 0.204442 0.0822657
2370000 0.199511 0.0825894
2400000 0.198142 0.0821516
2430000 0.195888 0.082609
2460000 0.19093 0.0815392
2490000 0.188188 0.0798945
2520000 0.186659 0.079886
2550000 0.185985 0.0801422
2580000 0.182466 0.0778754
2610000 0.181762 0.0803509
2640000 0.179359 0.0818209
2670000 0.177801 0.0799893
2700000 0.176972 0.0834084
2730000 0.176713 0.0849557
2760000 0.172399 0.0816064
2790000 0.172826 0.0808072
2820000 0.171309 0.0781246
2850000 0.168588 0.0806956
2880000 0.167719 0.0820842
2910000 0.163587 0.0791111
2940000 0.160848 0.0761569
2970000 0.159874 0.0767402
3000000 0.156587 0.0754187
3030000 0.156457 0.0758397
3060000 0.154515 0.0769871
3090000 0.151418 0.0756756
3120000 0.151089 0.0738049
3150000 0.147915 0.0715245
3180000 0.146069 0.0729177
3210000 0.144988 0.0723394
3240000 0.143634 0.071701
3270000 0.142575 0.0697703
3300000 0.139765 0.0718355
3330000 0.1404 0.0719838
3360000 0.137283 0.0703171
3390000 0.135823 0.0695653
3420000 0.136779 0.0708764
3450000 0.135823 0.0763099
3480000 0.133656 0.0716674
3510000 0.130824 0.0683718
3540000 0.129608 0.0681521
3570000 0.128388 0.06862
3600000 0.126572 0.066007
3630000 0.127116 0.0689618
3660000 0.125983 0.0697038
3690000 0.126414 0.0691296
3720000 0.121863 0.0675598
3750000 0.121677 0.0679569
3780000 0.119096 0.0666835
3810000 0.118341 0.0646066
3840000 0.115937 0.0625642
3870000 0.115767 0.0643895
3900000 0.113863 0.0631446
3930000 0.113634 0.0628929
3960000 0.114358 0.0637636
3990000 0.112917 0.0632081
4020000 0.111161 0.0627951
4050000 0.108431 0.0610502
4080000 0.108328 0.0596425
4110000 0.107252 0.0632529
4140000 0.105722 0.0600297
4170000 0.104335 0.0605788
4200000 0.103335 0.0592395
4230000 0.101953 0.0584
4260000 0.101061 0.0574187
4290000 0.101219 0.0583818
4320000 0.0996146 0.0563841
4350000 0.0976532 0.0557882
4380000 0.0966517 0.0551604
4410000 0.0965277 0.0556511
4440000 0.0962108 0.0550517
4470000 0.0943776 0.0534926
4500000 0.0947236 0.0534888
4530000 0.0918236 0.0534732
4560000 0.0925189 0.055713
4590000 0.0919216 0.0529723
4620000 0.0904428 0.0533357
4650000 0.0909799 0.0529048
4680000 0.0872843 0.0517482
4710000 0.0874342 0.0523509
4740000 0.0880941 0.0512724
4770000 0.0860158 0.0513448
4800000 0.0846876 0.0495803
4830000 0.0841869 0.0492768
4860000 0.0831268 0.0482858
4890000 0.0824815 0.0484011
4920000 0.0823237 0.0469202
4950000 0.082034 0.0485568
4980000 0.0802862 0.0465467
5010000 0.080629 0.0461878
5040000 0.079144 0.0447131
5070000 0.0790147 0.0486332
5100000 0.0776988 0.0459597
5130000 0.0768876 0.0449452
5160000 0.0753751 0.0445589
5190000 0.0757313 0.0448131
5220000 0.0770267 0.0436192
5250000 0.0751801 0.0456505
5280000 0.075283 0.0445358
5310000 0.0756135 0.0445268
5340000 0.0733818 0.0444877
5370000 0.0716791 0.0441651
5400000 0.0709488 0.0434789
5430000 0.0714511 0.0437182
5460000 0.0725795 0.0434422
5490000 0.069614 0.0437861
5520000 0.0707368 0.0444305
5550000 0.0712611 0.0445679
5580000 0.0694718 0.0425858
5610000 0.0687076 0.0435891
5640000 0.0695186 0.0472686
5670000 0.0695327 0.0465514
5700000 0.0697055 0.0494949
5730000 0.0710636 0.054024
5760000 0.0699348 0.0642406
5790000 0.076828 0.184551
5820000 0.0768785 0.155572
5850000 0.0793375 0.246541
5880000 0.0732809 0.126674
5910000 0.0691592 0.0819424
5940000 0.066114 0.0627375
5970000 0.0639165 0.0483618
6000000 0.0639364 0.0445059
6030000 0.0641419 0.0448708
6060000 0.0619915 0.0434317
6090000 0.0602375 0.0404225
6120000 0.0600426 0.0379561
6150000 0.0591898 0.0371942
6180000 0.0575283 0.0386345
6210000 0.057644 0.0376098
6240000 0.0560867 0.0355142
6270000 0.0562456 0.0347943
6300000 0.0566506 0.0340912
6330000 0.0541691 0.0336564
6360000 0.0562813 0.0359199
6390000 0.0533916 0.0329484
6420000 0.0530645 0.0315496
6450000 0.0533826 0.0307415
6480000 0.051824 0.0305902
6510000 0.0517533 0.0291123
6540000 0.0503448 0.0291716
6570000 0.0512712 0.0290581
6600000 0.0498219 0.0294626
6630000 0.0500278 0.0292479
6660000 0.048971 0.0271345
6690000 0.0480442 0.0265523
6720000 0.0479367 0.0264028
6750000 0.0469582 0.0259929
6780000 0.0460449 0.0263792
6810000 0.0459375 0.0257304
6840000 0.0452034 0.0247607
6870000 0.0458231 0.0255679
6900000 0.0452309 0.0246452
6930000 0.0432916 0.0242229
6960000 0.042534 0.0226043
6990000 0.044095 0.0238858
7020000 0.0430868 0.0231765
7050000 0.0430033 0.024374
7080000 0.0421257 0.0233659
7110000 0.0430348 0.0239002
7140000 0.0408404 0.023161
7170000 0.0410582 0.0240198
7200000 0.0421983 0.0244316
7230000 0.0413518 0.0237627
7260000 0.0402645 0.0222138
7290000 0.0395138 0.0228873
7320000 0.0395194 0.0230585
7350000 0.0394894 0.0229214
7380000 0.0390976 0.021492
7410000 0.0395269 0.0219853
7440000 0.0394561 0.0213324
7470000 0.0385429 0.0210088
7500000 0.039221 0.0220895
7530000 0.0392804 0.0222255
7560000 0.0381184 0.0223384
7590000 0.037194 0.0213821
7620000 0.0378779 0.021485
7650000 0.0371402 0.0212094
7680000 0.0378945 0.0213047
7710000 0.0376439 0.0217613
7740000 0.037833 0.0209492
7770000 0.0367437 0.0203602
7800000 0.0369586 0.0208301
7830000 0.0362283 0.0203295
7860000 0.0366935 0.0207192
7890000 0.0370227 0.0203972
7920000 0.0371815 0.0218858
7950000 0.0357907 0.0211306
7980000 0.0357296 0.0210705
8010000 0.0362683 0.0211421
8040000 0.0359841 0.0207366
8070000 0.0347179 0.0195911
8100000 0.0352151 0.0203187
8130000 0.0350801 0.020383
8160000 0.0341258 0.0199759
8190000 0.0348602 0.0208411
8220000 0.0343737 0.0211609
8250000 0.0346353 0.0215334
8280000 0.0341615 0.0213551
8310000 0.0340439 0.0207404
8340000 0.033485 0.0202586
8370000 0.0340182 0.0211343
8400000 0.0341529 0.0217164
8430000 0.0337985 0.021711
8460000 0.033521 0.0206442
8490000 0.033093 0.0212688
8520000 0.0328507 0.0203725
8550000 0.0324829 0.020592
8580000 0.0321573 0.0201076
8610000 0.0333081 0.0209849
8640000 0.0332784 0.0206485
8670000 0.0321569 0.0195935
8700000 0.0325652 0.0206112
8730000 0.0332428 0.0208764
8760000 0.0319803 0.0202055
8790000 0.0321921 0.020106
8820000 0.0330586 0.0202835
8850000 0.0315107 0.0195574
8880000 0.0322816 0.0208295
8910000 0.0315773 0.0201748
8940000 0.031599 0.0206121
8970000 0.0327011 0.020902
9000000 0.0325748 0.0211276
9030000 0.0322072 0.0200683
9060000 0.0315865 0.0208375
9090000 0.0315376 0.0204395
9120000 0.0307284 0.0195283
9150000 0.0320847 0.0207453
9180000 0.0311115 0.0196743
9210000 0.0317332 0.0208543
9240000 0.0310061 0.0198949
9270000 0.0318243 0.0215506
9300000 0.0312052 0.0205179
9330000 0.0317893 0.0195033
9360000 0.0315258 0.0202759
9390000 0.0316224 0.0197157
9420000 0.0300189 0.0180659
9450000 0.0309636 0.018735
9480000 0.030194 0.0185416
9510000 0.0309201 0.0194869
9540000 0.0312292 0.0192848
9570000 0.0306216 0.0195308
9600000 0.0298036 0.0187699
9630000 0.030994 0.02523
9660000 0.0305855 0.0199461
9690000 0.029617 0.019552
9720000 0.0299937 0.0191235
9750000 0.029543 0.0191451
9780000 0.0299666 0.0188229
9810000 0.0292289 0.0190428
9840000 0.0301344 0.0193282
9870000 0.0296863 0.0186518
9900000 0.0293105 0.0184758
9930000 0.0293744 0.0192536
9960000 0.0284533 0.018235
9990000 0.0298726 0.018386
10020000 0.028199 0.0175137
10050000 0.0290227 0.018088
10080000 0.0285464 0.0185771
10110000 0.0284379 0.0182528
10140000 0.0285839 0.0238015
10170000 0.0291162 0.0191843
10200000 0.0278532 0.0170689
10230000 0.0300173 0.0195696
10260000 0.028989 0.0187754
10290000 0.0293185 0.0180068
10320000 0.0287721 0.0181258
10350000 0.028273 0.0185588
10380000 0.0284671 0.0191271
10410000 0.0291355 0.0187748
10440000 0.0285966 0.018396
10470000 0.028343 0.0179621
10500000 0.0279374 0.0192184
10530000 0.0290189 0.0193011
10560000 0.0284417 0.0176931
10590000 0.0284224 0.0191594
10620000 0.0290213 0.0173207
10650000 0.0282664 0.0186873
10680000 0.0288479 0.0198171
10710000 0.0290269 0.0196282
10740000 0.028808 0.0189631
10770000 0.0289377 0.0195233
10800000 0.0281543 0.0197261
10830000 0.0284606 0.0190793
10860000 0.0285695 0.0192519
10890000 0.0288721 0.0192389
10920000 0.0291679 0.0189186
10950000 0.0286622 0.0197072
10980000 0.0280969 0.0191003
11010000 0.0291327 0.0208485
11040000 0.0281119 0.0189832
11070000 0.0278353 0.0193952
11100000 0.0289857 0.019799
11130000 0.0281386 0.0188215
11160000 0.0277589 0.019454
11190000 0.0284957 0.0197052
11220000 0.0288604 0.0196458
11250000 0.0287248 0.0202366
11280000 0.0282346 0.0185326
11310000 0.0286692 0.0189728
11340000 0.027269 0.0184452
11370000 0.0290531 0.0196682
11400000 0.0293246 0.0193314
11430000 0.02871 0.019672
11460000 0.0291018 0.0193241
11490000 0.0280474 0.0203601
11520000 0.0293252 0.0203971
11550000 0.0298492 0.0197406
11580000 0.028297 0.0198425
11610000 0.0273211 0.0181618
11640000 0.0295849 0.0206139
11670000 0.0289621 0.0190422
11700000 0.0272584 0.0188709
11730000 0.0291526 0.019962
11760000 0.030162 0.0199598
11790000 0.0287814 0.0194582
11820000 0.0291667 0.0201564
11850000 0.0279524 0.019309
11880000 0.0290908 0.0200895
11910000 0.0293919 0.0208787
11940000 0.0284664 0.0197458
11970000 0.0293049 0.0194185
12000000 0.0298675 0.0202762
12030000 0.0284977 0.0192865
12060000 0.0300295 0.0212362
12090000 0.0290122 0.0195196
12120000 0.0291239 0.0201276
12150000 0.029271 0.0204064
12180000 0.0297491 0.0201271
12210000 0.0300153 0.0197145
12240000 0.0292623 0.0211505
12270000 0.0295181 0.021224
12300000 0.0298945 0.0202729
12330000 0.0300233 0.0208563
12360000 0.0302723 0.0219173
12390000 0.0311562 0.0211295
12420000 0.0305106 0.0204496
12450000 0.0310834 0.0209977
12480000 0.0319157 0.0218275
12510000 0.030235 0.0208755
12540000 0.0310408 0.0205454
12570000 0.0309684 0.0219529
12600000 0.0316625 0.0217312
12630000 0.0304215 0.0205243
12660000 0.031171 0.0208511
12690000 0.0311293 0.0195844
12720000 0.032006 0.0208618
12750000 0.0319315 0.0214023
12780000 0.0325749 0.0223126
12810000 0.0313634 0.0216863
12840000 0.0322157 0.0216484
12870000 0.032558 0.02085
12900000 0.0321668 0.0213206
12930000 0.0331174 0.0203369
12960000 0.0325387 0.0221533
12990000 0.0332581 0.0226855
13020000 0.0341694 0.0221537
13050000 0.033553 0.022067
13080000 0.0335884 0.0226945
13110000 0.0329545 0.0216715
13140000 0.0325906 0.0219161
13170000 0.0339311 0.0218312
13200000 0.0349135 0.0232566
13230000 0.0338986 0.0220581
13260000 0.0333695 0.0216741
13290000 0.0329241 0.0208591
13320000 0.034464 0.0213148
13350000 0.0337848 0.021808
13380000 0.0345174 0.0232428
13410000 0.0360788 0.023217
13440000 0.0342604 0.0218227
13470000 0.0342755 0.0224406
13500000 0.0357379 0.0234112
13530000 0.0364916 0.0265122
13560000 0.0364014 0.0323838
13590000 0.0388824 0.0578771
13620000 0.0400988 0.0728948
13650000 0.0358375 0.0276256
13680000 0.0354818 0.0238226
13710000 0.0348636 0.0227776
13740000 0.0357146 0.021768
13770000 0.0356668 0.0220602
13800000 0.0357959 0.0229231
13830000 0.0351134 0.0235008
13860000 0.0354389 0.0209501
13890000 0.0350557 0.0233138
13920000 0.0348507 0.0221504
13950000 0.0354645 0.0319377
13980000 0.035706 0.0222886
14010000 0.0360799 0.0236554
14040000 0.0354596 0.0220874
14070000 0.0351779 0.0211919
14100000 0.0360926 0.0232942
14130000 0.0364241 0.0226204
14160000 0.0368424 0.0220353
14190000 0.035969 0.0230697
14220000 0.0352667 0.0212488
14250000 0.0372405 0.0232109
14280000 0.0359954 0.0231269
14310000 0.0372017 0.0230303
14340000 0.0368434 0.0227953
14370000 0.0385193 0.0219643
14400000 0.0377293 0.0227065
14430000 0.0378519 0.0229085
14460000 0.0378103 0.0230196
14490000 0.0376203 0.0213638
14520000 0.0379011 0.0226244
14550000 0.0389636 0.0229923
14580000 0.0380245 0.0242072
14610000 0.0372116 0.0235392
14640000 0.0389824 0.0240007
14670000 0.0399391 0.0265525
14700000 0.0423026 0.037411
14730000 0.0442005 0.0549286
14760000 0.0471839 0.107866
14790000 0.0409648 0.0340187
14820000 0.0405986 0.0246939
14850000 0.038933 0.0227399
14880000 0.0406665 0.023807
14910000 0.0386727 0.0228843
14940000 0.0395113 0.0232676
14970000 0.0387011 0.0234794
15000000 0.0411166 0.0241172
15030000 0.0415699 0.0241871
15060000 0.0405207 0.0242931
15090000 0.0406375 0.0238437
15120000 0.0404881 0.024472
15150000 0.0396309 0.0234035
15180000 0.0411402 0.0233724
15210000 0.0394091 0.0224208
15240000 0.0383126 0.0210813
15270000 0.0397886 0.0226574
15300000 0.0407192 0.0236127
15330000 0.039832 0.0225193
15360000 0.0398352 0.0228786
15390000 0.0398343 0.0220159
15420000 0.0417071 0.0236818
15450000 0.0398897 0.0219592
15480000 0.0394124 0.0221405
15510000 0.0410058 0.0219356
15540000 0.0407689 0.021748
15570000 0.040553 0.0229245
15600000 0.0406492 0.0219731
15630000 0.0394697 0.021599
15660000 0.0404363 0.0220328
15690000 0.0416706 0.0228864
15720000 0.0413846 0.0209772
15750000 0.0420215 0.0229038
15780000 0.0432574 0.022554
15810000 0.0414575 0.0222267
15840000 0.0411346 0.0217578
15870000 0.0425924 0.0226875
15900000 0.0438138 0.0209296
15930000 0.0414521 0.0213874
15960000 0.0430142 0.0222441
15990000 0.0449517 0.0221817
16020000 0.0447759 0.0223924
16050000 0.0445349 0.0215099
16080000 0.0457234 0.0234717
16110000 0.0429767 0.0213833
16140000 0.0423192 0.0214483
16170000 0.0438479 0.019736
16200000 0.0444857 0.0222633
16230000 0.0458014 0.0219398
16260000 0.044181 0.020684
16290000 0.0454315 0.0213262
16320000 0.0438202 0.0217593
16350000 0.0443492 0.020379
16380000 0.0445615 0.021148
16410000 0.0460064 0.0214451
16440000 0.0458728 0.0212117
16470000 0.046036 0.0218855
16500000 0.0448948 0.0212243
16530000 0.0445569 0.0220922
16560000 0.0460978 0.0209788
16590000 0.0476918 0.0206821
16620000 0.0456747 0.0206537
16650000 0.0460278 0.0226667
16680000 0.0488456 0.0217311
16710000 0.0492325 0.0234456
16740000 0.0474195 0.0229915
16770000 0.0457161 0.0202227
16800000 0.0457568 0.0199836
16830000 0.046097 0.0204236
16860000 0.0458317 0.0197657
16890000 0.0479169 0.0206831
16920000 0.0469333 0.02055
16950000 0.0481228 0.0215823
16980000 0.0458119 0.0194316
17010000 0.0492648 0.0217101
17040000 0.0465319 0.0193685
17070000 0.0474581 0.0191534
17100000 0.0493149 0.0201694
17130000 0.0481444 0.0218474
17160000 0.0489108 0.0209425
17190000 0.0496457 0.0206205
17220000 0.0491484 0.0209787
17250000 0.0456736 0.0190183
17280000 0.0471121 0.0199017
17310000 0.0471526 0.0199242
17340000 0.0478003 0.0198908
17370000 0.0484516 0.0187791
17400000 0.0478511 0.020319
17430000 0.0472377 0.0190376
17460000 0.0492536 0.0194459
17490000 0.0489331 0.0192798
17520000 0.0492509 0.0202206
17550000 0.0513276 0.0206515
17580000 0.0495394 0.0191406
17610000 0.0489721 0.0196494
17640000 0.0498027 0.0192868
17670000 0.049061 0.0186898
17700000 0.0503972 0.0190648
17730000 0.0484032 0.0197094
17760000 0.0507971 0.0205873
17790000 0.0502275 0.0202781
17820000 0.0505474 0.0192358
17850000 0.0507739 0.019594
17880000 0.051591 0.0195244
17910000 0.050353 0.0195753
17940000 0.0531889 0.0197042
17970000 0.0507817 0.0201617
18000000 0.0520569 0.0191752
18030000 0.0536786 0.021169
18060000 0.0513025 0.018266
18090000 0.0530881 0.0193834
18120000 0.0544415 0.0210699
18150000 0.0532878 0.0201591
18180000 0.0542383 0.0195559
18210000 0.0560569 0.0210263
18240000 0.0516907 0.0202384
18270000 0.0549144 0.0192755
18300000 0.0535531 0.019842
18330000 0.0531287 0.0197936
18360000 0.0563391 0.0210935
18390000 0.0542486 0.0217844
18420000 0.0552634 0.0208769
18450000 0.0542125 0.0203554
18480000 0.0538819 0.0209311
18510000 0.0549292 0.0217071
18540000 0.0555648 0.0223672
18570000 0.0562774 0.0219722
18600000 0.056043 0.0212685
18630000 0.0576662 0.0231364
18660000 0.0565206 0.0211749
18690000 0.0568 0.0212955
18720000 0.0573199 0.0205803
18750000 0.0556057 0.0222508
18780000 0.0549181 0.0216015
18810000 0.0577924 0.022166
18840000 0.0550228 0.0221472
18870000 0.0594979 0.0211716
18900000 0.0587798 0.0217937
18930000 0.0578698 0.0192482
18960000 0.0584609 0.0223119
18990000 0.0593616 0.0203694
19020000 0.0602549 0.0211976
19050000 0.0588443 0.0212917
19080000 0.0606686 0.0202636
19110000 0.0618839 0.0227743
19140000 0.0589206 0.0227708
19170000 0.0610578 0.0261347
19200000 0.0623682 0.0231581
19230000 0.0641839 0.0233957
19260000 0.063685 0.0245902
19290000 0.0612212 0.0240553
19320000 0.0671039 0.0264326
19350000 0.0644278 0.0269742
19380000 0.0684574 0.0445804
19410000 0.0738662 0.0668357
19440000 0.0773944 0.11321
19470000 0.0798062 0.146287
19500000 0.0714041 0.0494338
19530000 0.0625637 0.0301938
19560000 0.0662004 0.0252032
19590000 0.064846 0.0237001
19620000 0.0656368 0.0260614
19650000 0.0677994 0.0256376
19680000 0.065511 0.0236665
19710000 0.0621887 0.0247473
19740000 0.0621826 0.022852
19770000 0.064702 0.0227051
19800000 0.0651183 0.0217165
19830000 0.062881 0.0233601
19860000 0.0638013 0.0219782
19890000 0.0635156 0.0218882
19920000 0.0641523 0.0224966
19950000 0.0600492 0.0229944
19980000 0.0649964 0.0228051
20010000 0.0633857 0.0231193
20040000 0.0657652 0.0250139
20070000 0.0651991 0.0226309
20100000 0.060951 0.0209799
20130000 0.0667348 0.0201943
20160000 0.0594133 0.0214919
20190000 0.059817 0.02243
20220000 0.0661685 0.022095
20250000 0.0627226 0.0221171
20280000 0.0659209 0.0274954
20310000 0.0664718 0.0240439
20340000 0.0668568 0.0236917
20370000 0.0668243 0.0253433
20400000 0.0691903 0.0280222
20430000 0.0737475 0.0280531
20460000 0.0709221 0.0305647
20490000 0.0776824 0.0458276
20520000 0.0834351 0.0792038
20550000 0.111131 0.268497
20580000 0.0995015 0.146792
20610000 0.123384 0.356972
20640000 0.094962 0.107755
20670000 0.0795669 0.0563028
20700000 0.0818306 0.0386492
20730000 0.0783765 0.0349799
20760000 0.0703778 0.0261996
20790000 0.0742884 0.0281003
20820000 0.0735436 0.0262447
20850000 0.0712185 0.0231596
20880000 0.0746357 0.0265616
20910000 0.070923 0.025126
20940000 0.0719685 0.0292204
20970000 0.0710964 0.0255903
21000000 0.0704198 0.0263269
21030000 0.0732888 0.0251217
21060000 0.0728288 0.0258869
21090000 0.0667234 0.0232967
21120000 0.0692795 0.0255785
21150000 0.0718833 0.031428
21180000 0.0672823 0.027976
21210000 0.0679677 0.0268075
21240000 0.0694304 0.0251876
21270000 0.0653414 0.0247425
21300000 0.0672266 0.0244319
21330000 0.0698514 0.0234598
21360000 0.0730422 0.0264455
21390000 0.068132 0.024711
21420000 0.0672443 0.0245237
21450000 0.0682018 0.0263015
21480000 0.0728026 0.0285015
21510000 0.071183 0.0263815
21540000 0.0749796 0.0275926
21570000 0.0694699 0.0227634
21600000 0.0703123 0.0237159
21630000 0.0693138 0.0237342
21660000 0.0726049 0.0237673
21690000 0.0713204 0.027824
21720000 0.0752313 0.0272995
21750000 0.0773425 0.0268657
21780000 0.0756125 0.0262086
21810000 0.0775597 0.0298246
21840000 0.0785972 0.0256798
21870000 0.0819443 0.0287903
21900000 0.0745691 0.0266474
21930000 0.0807519 0.0278548
21960000 0.080491 0.027383
21990000 0.0801975 0.0239988
22020000 0.078842 0.0284649
22050000 0.0797606 0.0269115
22080000 0.0842634 0.0242545
22110000 0.0863754 0.0271053
22140000 0.0803751 0.0244315
22170000 0.0811266 0.0236929
22200000 0.080695 0.0260894
22230000 0.0823099 0.0198411
22260000 0.0916808 0.0247481
22290000 0.0863088 0.0294666
22320000 0.0908579 0.0264405
22350000 0.0864656 0.0273087
22380000 0.0918767 0.0244562
22410000 0.0926394 0.026697
22440000 0.0945873 0.0260886
22470000 0.0951378 0.0292418
22500000 0.0940925 0.0274835
22530000 0.0973364 0.0243313
22560000 0.104745 0.032484
22590000 0.110981 0.0249769
22620000 0.117956 0.025764
22650000 0.111409 0.0250567
22680000 0.122824 0.0384403
22710000 0.129274 0.03628
22740000 0.129349 0.0281857
22770000 0.140516 0.0359939
22800000 0.145396 0.0344024
22830000 0.141551 0.0356822
22860000 0.160285 0.0290065
22890000 0.164741 0.0440348
22920000 0.168209 0.0491614
22950000 0.180387 0.040207
22980000 0.177939 0.0523912
23010000 0.183954 0.0542835
23040000 0.214505 0.0597379
23070000 0.221019 0.0734233
23100000 0.247789 0.0717764
23130000 0.266989 0.0717136
23160000 0.310377 0.0664394
23190000 0.323617 0.0777206
23220000 0.352508 0.0681324
23250000 0.410251 0.0951785
23280000 0.449075 0.0841784
23310000 0.59603 0.142552
23340000 0.80273 0.14067
23370000 1.14433 0.177632
23400000 1.65738 0.120142
23430000 3.81916 -nan
