30000 15.5691 3.80347
60000 5.57015 1.81607
90000 3.34634 1.29295
120000 2.40989 1.01662
150000 1.90638 0.864876
180000 1.59066 0.749493
210000 1.38 0.696327
240000 1.22605 0.651253
270000 1.09676 0.578671
300000 1 0.52244
330000 0.926591 0.461595
360000 0.858902 0.447421
390000 0.811706 0.428822
420000 0.768963 0.4054
450000 0.729558 0.392655
480000 0.695771 0.377723
510000 0.669223 0.360007
540000 0.643672 0.346813
570000 0.615916 0.344351
600000 0.585485 0.32484
630000 0.567006 0.306993
660000 0.549296 0.29572
690000 0.530044 0.274786
720000 0.514208 0.250346
750000 0.502415 0.243422
780000 0.490591 0.241855
810000 0.477485 0.224021
840000 0.46587 0.214319
870000 0.455531 0.197516
900000 0.443398 0.192564
930000 0.435039 0.192453
960000 0.421841 0.178332
990000 0.415539 0.17774
1020000 0.408844 0.170976
1050000 0.398522 0.160095
1080000 0.383877 0.14512
1110000 0.380126 0.143639
1140000 0.380529 0.141706
1170000 0.370893 0.13633
1200000 0.362811 0.134759
1230000 0.356078 0.136646
1260000 0.34667 0.134663
1290000 0.342552 0.131693
1320000 0.336974 0.122226
1350000 0.334031 0.119885
1380000 0.327948 0.121765
1410000 0.327242 0.121522
1440000 0.319468 0.121458
1470000 0.316715 0.117587
1500000 0.312961 0.116027
1530000 0.310158 0.126331
1560000 0.305496 0.119832
1590000 0.302986 0.117953
1620000 0.298606 0.112739
1650000 0.293722 0.112348
1680000 0.284224 0.105518
1710000 0.281291 0.10356
1740000 0.277266 0.0996299
1770000 0.271313 0.102228
1800000 0.268067 0.102134
1830000 0.267071 0.102613
1860000 0.262336 0.102454
1890000 0.263129 0.103997
1920000 0.257996 0.102888
1950000 0.255087 0.0998698
1980000 0.255358 0.097666
2010000 0.252221 0.098618
2040000 0.247619 0.0992043
2070000 0.242028 0.0982995
2100000 0.241104 0.0959552
2130000 0.239403 0.0971854
2160000 0.237891 0.0976454
2190000 0.235201 0.0951835
2220000 0.22946 0.0931325
2250000 0.229701 0.0914481
2280000 0.226726 0.0936863
2310000 0.22537 0.0911754
2340000 0.222358 0.0915315
2370000 0.221503 0.0951533
2400000 0.219215 0.0952188
2430000 0.21772 0.0947244
2460000 0.215101 0.0912656
2490000 0.21215 0.0901547
2520000 0.20819 0.089018
2550000 0.206252 0.0871465
2580000 0.204417 0.0882449
2610000 0.199464 0.085136
2640000 0.200543 0.0872563
2670000 0.196982 0.0847406
2700000 0.194897 0.0855622
2730000 0.196187 0.0876547
2760000 0.191223 0.0861501
2790000 0.193379 0.0858018
2820000 0.190301 0.083939
2850000 0.185205 0.0843104
2880000 0.185305 0.0862851
2910000 0.182248 0.085271
2940000 0.182535 0.0853765
2970000 0.180204 0.0857113
3000000 0.176769 0.0843738
3030000 0.173891 0.0817687
3060000 0.17484 0.0827085
3090000 0.170415 0.0801719
3120000 0.171645 0.0825342
3150000 0.169852 0.0810125
3180000 0.168387 0.0798723
3210000 0.169925 0.0820748
3240000 0.167741 0.0807271
3270000 0.164392 0.0795836
3300000 0.163104 0.0783978
3330000 0.164058 0.0809629
3360000 0.161476 0.0788222
3390000 0.160191 0.0795499
3420000 0.157082 0.0791949
3450000 0.157112 0.0790716
3480000 0.155066 0.0786169
3510000 0.153034 0.0774592
3540000 0.150286 0.0780991
3570000 0.150208 0.0764125
3600000 0.14689 0.0747705
3630000 0.148953 0.078395
3660000 0.143838 0.0755958
3690000 0.143967 0.0776763
3720000 0.143269 0.0736657
3750000 0.14321 0.0729492
3780000 0.143238 0.0746555
3810000 0.139991 0.0732383
3840000 0.139058 0.0732944
3870000 0.137834 0.0740905
3900000 0.138161 0.0757276
3930000 0.13642 0.0742348
3960000 0.133344 0.0721424
3990000 0.131368 0.0726995
4020000 0.13213 0.0698135
4050000 0.13213 0.0716482
4080000 0.132957 0.0726358
4110000 0.13033 0.07029
4140000 0.128468 0.0717926
4170000 0.127334 0.0681811
4200000 0.127076 0.0690199
4230000 0.126042 0.0715438
4260000 0.124326 0.0708281
4290000 0.122813 0.0684912
4320000 0.123894 0.0692319
4350000 0.123959 0.0712387
4380000 0.121818 0.0686643
4410000 0.118514 0.0661094
4440000 0.119089 0.0661901
4470000 0.118461 0.0664131
4500000 0.11692 0.0654755
4530000 0.115593 0.0650972
4560000 0.113785 0.0641592
4590000 0.11471 0.0634086
4620000 0.112948 0.0631036
4650000 0.113413 0.0628923
4680000 0.111812 0.0615061
4710000 0.112117 0.0631368
4740000 0.109746 0.0613302
4770000 0.109417 0.0619846
4800000 0.108056 0.0625686
4830000 0.108599 0.0604225
4860000 0.108561 0.0621245
4890000 0.107921 0.0619078
4920000 0.106814 0.0613646
4950000 0.105201 0.060082
4980000 0.104639 0.0596163
5010000 0.103428 0.0589844
5040000 0.102784 0.059659
5070000 0.101921 0.0595874
5100000 0.100717 0.05764
5130000 0.101589 0.0586065
5160000 0.0996426 0.0586086
5190000 0.096539 0.0582511
5220000 0.100133 0.0598167
5250000 0.0997823 0.0582602
5280000 0.100346 0.0601133
5310000 0.0988107 0.0606365
5340000 0.0951528 0.0569542
5370000 0.0980297 0.0585881
5400000 0.0956249 0.0590482
5430000 0.0974642 0.0604994
5460000 0.0964415 0.0727128
5490000 0.0971208 0.106753
5520000 0.100142 0.161973
5550000 0.100407 0.181336
5580000 0.0947879 0.103333
5610000 0.0900571 0.064656
5640000 0.0901792 0.0585835
5670000 0.0910108 0.0570412
5700000 0.0886509 0.054886
5730000 0.0893111 0.055007
5760000 0.0859425 0.0535365
5790000 0.0875732 0.0546717
5820000 0.0877626 0.0549861
5850000 0.086844 0.0532991
5880000 0.0847174 0.0527293
5910000 0.084784 0.0520451
5940000 0.0849053 0.0522237
5970000 0.0828138 0.0512055
6000000 0.082676 0.0507414
6030000 0.0818395 0.0502483
6060000 0.0817329 0.0500365
6090000 0.0815081 0.0514374
6120000 0.0818875 0.0509718
6150000 0.0786995 0.0492584
6180000 0.0786332 0.048699
6210000 0.0757401 0.0472626
6240000 0.0762092 0.0474259
6270000 0.075325 0.0466306
6300000 0.0770506 0.0478127
6330000 0.077107 0.0481942
6360000 0.0739449 0.0450166
6390000 0.0753673 0.0474916
6420000 0.0737808 0.0454831
6450000 0.0739837 0.0507164
6480000 0.0741088 0.0470019
6510000 0.074728 0.048392
6540000 0.0720704 0.045608
6570000 0.072984 0.0459158
6600000 0.0719961 0.045699
6630000 0.0715945 0.0457423
6660000 0.0723184 0.0450171
6690000 0.0716013 0.0448409
6720000 0.0698137 0.0439087
6750000 0.0692865 0.0434477
6780000 0.0687293 0.0424784
6810000 0.0691871 0.0435813
6840000 0.0669703 0.0411111
6870000 0.0669088 0.0419392
6900000 0.0665441 0.0407691
6930000 0.0657677 0.0419112
6960000 0.06703 0.0412143
6990000 0.0656428 0.0403954
7020000 0.0642586 0.0420321
7050000 0.0650488 0.0435775
7080000 0.064081 0.0420245
7110000 0.0647245 0.0434709
7140000 0.0632231 0.0407706
7170000 0.062356 0.0411205
7200000 0.0622127 0.0400472
7230000 0.0609558 0.0394293
7260000 0.059528 0.0382693
7290000 0.0608775 0.0386615
7320000 0.0602664 0.0380953
7350000 0.0597269 0.0383597
7380000 0.0598442 0.0381235
7410000 0.0580699 0.037544
7440000 0.0573633 0.0378409
7470000 0.0589764 0.0385946
7500000 0.0577539 0.036898
7530000 0.0553144 0.0336808
7560000 0.055563 0.0364773
7590000 0.0575195 0.0371017
7620000 0.0552749 0.03587
7650000 0.0555796 0.0349625
7680000 0.055411 0.0358486
7710000 0.054327 0.0347502
7740000 0.0536075 0.0330994
7770000 0.0538515 0.0333856
7800000 0.0518715 0.0320431
7830000 0.0531722 0.0327046
7860000 0.0515288 0.03264
7890000 0.0527578 0.0339992
7920000 0.0523966 0.0328475
7950000 0.0517045 0.0326049
7980000 0.0510215 0.0311055
8010000 0.0493015 0.0318583
8040000 0.04956 0.0307986
8070000 0.0489592 0.0309296
8100000 0.0502631 0.0316743
8130000 0.0482742 0.0301092
8160000 0.0477955 0.0307273
8190000 0.0486417 0.0313793
8220000 0.0477273 0.029666
8250000 0.047246 0.0297807
8280000 0.046351 0.0284027
8310000 0.0467065 0.0292034
8340000 0.0466935 0.0301241
8370000 0.0468012 0.0293729
8400000 0.0457994 0.029148
8430000 0.0451012 0.0283065
8460000 0.0453962 0.0280406
8490000 0.0440024 0.0272808
8520000 0.043675 0.0274318
8550000 0.0435169 0.0274276
8580000 0.0432713 0.0284617
8610000 0.0429208 0.0281938
8640000 0.0429929 0.0269874
8670000 0.0422099 0.0273443
8700000 0.0434902 0.0276006
8730000 0.0434518 0.0275955
8760000 0.0422428 0.0281996
8790000 0.0399072 0.0271198
8820000 0.0417599 0.0265656
8850000 0.0423823 0.0256695
8880000 0.0420409 0.0265176
8910000 0.0411826 0.025959
8940000 0.0412182 0.0263095
8970000 0.0403252 0.0263498
9000000 0.0392209 0.0253674
9030000 0.0392221 0.0241723
9060000 0.0399948 0.0255423
9090000 0.0393189 0.0255746
9120000 0.0390114 0.0249744
9150000 0.0391637 0.0250352
9180000 0.0389099 0.0252894
9210000 0.0380584 0.0251072
9240000 0.0390916 0.0252043
9270000 0.0391256 0.0253463
9300000 0.0376354 0.0234196
9330000 0.0390806 0.0246153
9360000 0.0369499 0.0247792
9390000 0.0383443 0.0254145
9420000 0.0373136 0.0224194
9450000 0.0363613 0.0227921
9480000 0.036753 0.0230644
9510000 0.0369977 0.0233619
9540000 0.0361827 0.0218863
9570000 0.0349644 0.0226296
9600000 0.0356667 0.0227376
9630000 0.0348981 0.0238158
9660000 0.0357944 0.0228465
9690000 0.0352659 0.0215072
9720000 0.0352659 0.0222297
9750000 0.0349183 0.0226603
9780000 0.034645 0.0215174
9810000 0.033689 0.0218309
9840000 0.0332326 0.0218344
9870000 0.0338492 0.021748
9900000 0.0340083 0.0223985
9930000 0.034294 0.0219428
9960000 0.0338828 0.0215004
9990000 0.0337923 0.0217955
10020000 0.0331887 0.0214244
10050000 0.0318624 0.0209412
10080000 0.031863 0.0216966
10110000 0.0316146 0.0198236
10140000 0.0320873 0.0208704
10170000 0.0331397 0.0211715
10200000 0.0329068 0.0211649
10230000 0.0316842 0.0195468
10260000 0.0313545 0.0200077
10290000 0.0309115 0.01987
10320000 0.0317292 0.0202329
10350000 0.0312238 0.0189444
10380000 0.0318525 0.0200983
10410000 0.0310545 0.0195334
10440000 0.0311868 0.0192953
10470000 0.0313942 0.0195514
10500000 0.0308306 0.0198358
10530000 0.0312106 0.0191225
10560000 0.0306281 0.0188433
10590000 0.0288544 0.0191663
10620000 0.0304549 0.0188044
10650000 0.0288913 0.0180312
10680000 0.0300232 0.0182782
10710000 0.0290442 0.0188286
10740000 0.0303167 0.0191864
10770000 0.029278 0.0186638
10800000 0.0291131 0.0181441
10830000 0.029405 0.0182132
10860000 0.0280465 0.0178338
10890000 0.0292317 0.0189814
10920000 0.0293885 0.0184105
10950000 0.0283198 0.0184941
10980000 0.0287646 0.0181659
11010000 0.0287986 0.0184915
11040000 0.0285267 0.0181135
11070000 0.027727 0.0178088
11100000 0.0280457 0.0176364
11130000 0.0288583 0.0178678
11160000 0.0290948 0.0181206
11190000 0.0287463 0.0190553
11220000 0.0274668 0.0177964
11250000 0.028729 0.0186371
11280000 0.0284138 0.0181368
11310000 0.0289112 0.0187094
11340000 0.0292954 0.0199666
11370000 0.0286316 0.0177231
11400000 0.0285226 0.0181026
11430000 0.0279713 0.0178426
11460000 0.0277351 0.0184128
11490000 0.0287984 0.0188884
11520000 0.028161 0.0187379
11550000 0.0281486 0.0198238
11580000 0.0283136 0.0174394
11610000 0.0284071 0.0174587
11640000 0.0269372 0.0162433
11670000 0.0279999 0.0179146
11700000 0.0280239 0.0172222
11730000 0.0284746 0.0180592
11760000 0.0289927 0.0191367
11790000 0.0286014 0.0183443
11820000 0.0274153 0.017738
11850000 0.0291626 0.0186846
11880000 0.0287314 0.018185
11910000 0.0276966 0.0175445
11940000 0.0277517 0.0183791
11970000 0.0279643 0.0181468
12000000 0.0287099 0.0193583
12030000 0.0288737 0.0180047
12060000 0.0279237 0.017722
12090000 0.0276872 0.0174331
12120000 0.0267335 0.0173798
12150000 0.028193 0.018133
12180000 0.0281452 0.0190508
12210000 0.028688 0.0184445
12240000 0.0274968 0.0176031
12270000 0.0278214 0.0174925
12300000 0.0275657 0.0180024
12330000 0.0275063 0.0181993
12360000 0.0276807 0.0183316
12390000 0.0277659 0.0183606
12420000 0.0287971 0.0186853
12450000 0.0271593 0.017773
12480000 0.0284896 0.0180748
12510000 0.0281683 0.0180472
12540000 0.0284124 0.0185029
12570000 0.0282085 0.0183325
12600000 0.0276623 0.0181186
12630000 0.0280485 0.0185939
12660000 0.0279135 0.0177451
12690000 0.0291382 0.0184002
12720000 0.028327 0.0190626
12750000 0.0283876 0.0197114
12780000 0.0283562 0.018716
12810000 0.0285329 0.0186583
12840000 0.028097 0.0189095
12870000 0.0288064 0.0191588
12900000 0.0295617 0.0187801
12930000 0.0276456 0.0180879
12960000 0.0278181 0.0178392
12990000 0.0271989 0.0178889
13020000 0.0276389 0.018388
13050000 0.0278784 0.0187338
13080000 0.0279381 0.0180248
13110000 0.0273157 0.018287
13140000 0.0272844 0.0182867
13170000 0.0276498 0.0185373
13200000 0.0270378 0.0177235
13230000 0.0282436 0.0186071
13260000 0.0278854 0.018632
13290000 0.0274091 0.0177163
13320000 0.0272634 0.0183581
13350000 0.0273629 0.0184562
13380000 0.0275174 0.0186631
13410000 0.0276939 0.0187862
13440000 0.0273836 0.0179396
13470000 0.0283742 0.0200157
13500000 0.0271653 0.0173177
13530000 0.0276214 0.0182701
13560000 0.0275233 0.017179
13590000 0.0284957 0.0191505
13620000 0.0282831 0.0183312
13650000 0.0289467 0.0192556
13680000 0.0286903 0.0185343
13710000 0.028194 0.0185894
13740000 0.0289711 0.0186543
13770000 0.0297324 0.0195472
13800000 0.0289488 0.019352
13830000 0.0276702 0.0174603
13860000 0.0284824 0.0184171
13890000 0.0276787 0.0182006
13920000 0.0299792 0.0198155
13950000 0.0288289 0.0182681
13980000 0.0275729 0.0179124
14010000 0.0285845 0.0188245
14040000 0.0285818 0.0170242
14070000 0.0290907 0.0178359
14100000 0.0278574 0.0183601
14130000 0.0291885 0.0181839
14160000 0.0292161 0.0176526
14190000 0.0289652 0.017788
14220000 0.0283376 0.0180897
14250000 0.0283702 0.0180763
14280000 0.0285904 0.0192032
14310000 0.030189 0.0187379
14340000 0.03017 0.0190295
14370000 0.0301129 0.0189697
14400000 0.0298632 0.0191792
14430000 0.0294689 0.0189271
14460000 0.029992 0.0186373
14490000 0.0291347 0.0189951
14520000 0.0297245 0.0188958
14550000 0.0300781 0.019988
14580000 0.0296288 0.0188216
14610000 0.0306709 0.0186364
14640000 0.0308951 0.0189279
14670000 0.0304878 0.0192974
14700000 0.029978 0.0189209
14730000 0.0313131 0.0205437
14760000 0.0306796 0.0196642
14790000 0.030512 0.0187716
14820000 0.0295018 0.0194714
14850000 0.0304869 0.0189455
14880000 0.0303552 0.0198297
14910000 0.0308959 0.0192333
14940000 0.0312656 0.0192306
14970000 0.0312631 0.0191734
15000000 0.030637 0.019493
15030000 0.0314961 0.0185409
15060000 0.0312828 0.0196873
15090000 0.0302147 0.017783
15120000 0.030457 0.0188409
15150000 0.0309391 0.018642
15180000 0.031569 0.0192354
15210000 0.0302177 0.018208
15240000 0.0309627 0.0197842
15270000 0.0306969 0.0190914
15300000 0.0314763 0.0202092
15330000 0.0326455 0.0198045
15360000 0.0307739 0.0191066
15390000 0.0313656 0.0192923
15420000 0.0325265 0.0204324
15450000 0.0313228 0.0198771
15480000 0.0322037 0.0194219
15510000 0.0310269 0.0183514
15540000 0.0327547 0.0191091
15570000 0.0325056 0.0201475
15600000 0.0319557 0.0201581
15630000 0.0325278 0.0189068
15660000 0.0331608 0.0194138
15690000 0.0315734 0.0194029
15720000 0.0330684 0.0200963
15750000 0.0324029 0.0191767
15780000 0.0318791 0.0179314
15810000 0.0319372 0.0199197
15840000 0.0322561 0.0186027
15870000 0.0324991 0.0190812
15900000 0.0330546 0.0184624
15930000 0.0322507 0.0183043
15960000 0.0323279 0.0188704
15990000 0.0317129 0.0183265
16020000 0.0313178 0.0164901
16050000 0.032527 0.0182471
16080000 0.0326134 0.0179053
16110000 0.0335574 0.018824
16140000 0.0329251 0.0195715
16170000 0.0335745 0.0193949
16200000 0.0336328 0.0200237
16230000 0.0350206 0.0186104
16260000 0.0322716 0.0187698
16290000 0.0344853 0.0197173
16320000 0.0344491 0.0195804
16350000 0.0334707 0.0191427
16380000 0.0345513 0.0192787
16410000 0.0340447 0.0195516
16440000 0.0338132 0.0187929
16470000 0.0339792 0.0199444
16500000 0.0323788 0.0184025
16530000 0.0328112 0.019564
16560000 0.0330752 0.018711
16590000 0.0339916 0.0200818
16620000 0.0334716 0.0186006
16650000 0.0314519 0.0179923
16680000 0.0337675 0.0206127
16710000 0.0354038 0.0196648
16740000 0.0332113 0.0189519
16770000 0.034104 0.0188185
16800000 0.034774 0.018829
16830000 0.0338174 0.0183738
16860000 0.0332748 0.0187399
16890000 0.0353888 0.0206225
16920000 0.0342609 0.018429
16950000 0.0327217 0.01799
16980000 0.0351097 0.018981
17010000 0.035448 0.0204586
17040000 0.0356864 0.0193875
17070000 0.0360765 0.0181777
17100000 0.0356146 0.0181971
17130000 0.0344698 0.0188821
17160000 0.0358363 0.0185054
17190000 0.0366482 0.019714
17220000 0.034772 0.0189889
17250000 0.0356495 0.0182276
17280000 0.0362046 0.019231
17310000 0.0359634 0.0187212
17340000 0.034697 0.0190325
17370000 0.0372939 0.0188133
17400000 0.0374939 0.0204067
17430000 0.0371857 0.0186406
17460000 0.0367959 0.0196153
17490000 0.0366521 0.0198678
17520000 0.0364942 0.0187262
17550000 0.0379208 0.0193768
17580000 0.0366336 0.0192121
17610000 0.0376853 0.0192178
17640000 0.0371443 0.020077
17670000 0.0369696 0.0186775
17700000 0.0385145 0.0198462
17730000 0.0379775 0.0180061
17760000 0.0379979 0.019571
17790000 0.0370198 0.0186768
17820000 0.037646 0.018871
17850000 0.0393802 0.0207478
17880000 0.0374991 0.0191937
17910000 0.0398879 0.0194353
17940000 0.039063 0.0205009
17970000 0.0380085 0.0184927
18000000 0.0379352 0.0194282
18030000 0.0429356 0.0204196
18060000 0.0398224 0.0192922
18090000 0.0397441 0.0192047
18120000 0.0402655 0.0190689
18150000 0.0417593 0.020215
18180000 0.0410996 0.0185204
18210000 0.0399196 0.017639
18240000 0.0409358 0.0195454
18270000 0.0408198 0.0200029
18300000 0.0394229 0.0177884
18330000 0.0413784 0.0186412
18360000 0.0398801 0.0181179
18390000 0.0418392 0.0205773
18420000 0.0408424 0.017812
18450000 0.0403948 0.0193882
18480000 0.0412748 0.0184729
18510000 0.0417485 0.0182079
18540000 0.0421401 0.0198521
18570000 0.0406644 0.0192867
18600000 0.0415373 0.0188234
18630000 0.0399102 0.019583
18660000 0.0426156 0.0174859
18690000 0.040987 0.0189807
18720000 0.0412536 0.0193534
18750000 0.0430813 0.0187617
18780000 0.042822 0.0198005
18810000 0.0424305 0.0171677
18840000 0.0426131 0.018947
18870000 0.0412291 0.0188578
18900000 0.0419316 0.0181221
18930000 0.0427253 0.0187177
18960000 0.0426034 0.0180403
18990000 0.042744 0.0189094
19020000 0.0435429 0.019572
19050000 0.0410665 0.0188032
19080000 0.0427047 0.0188567
19110000 0.043631 0.0189538
19140000 0.0433244 0.0201234
19170000 0.0437676 0.0192855
19200000 0.0445282 0.0204608
19230000 0.0431585 0.0193153
19260000 0.0431179 0.0196079
19290000 0.0441087 0.0198916
19320000 0.0443954 0.0195552
19350000 0.0432289 0.0197157
19380000 0.0435723 0.0197687
19410000 0.0451763 0.0210082
19440000 0.0451142 0.0223791
19470000 0.043326 0.0184555
19500000 0.0464766 0.0207625
19530000 0.0452869 0.0198348
19560000 0.046339 0.0195035
19590000 0.0464282 0.0198115
19620000 0.045098 0.0191261
19650000 0.0461747 0.0212678
19680000 0.0452288 0.0190081
19710000 0.0457967 0.0195433
19740000 0.0450928 0.019098
19770000 0.0461262 0.0206971
19800000 0.0444726 0.0189782
19830000 0.0454448 0.0186913
19860000 0.0462212 0.0190184
19890000 0.0447769 0.0193489
19920000 0.044758 0.0197123
19950000 0.0465729 0.0198511
19980000 0.043896 0.0178135
20010000 0.0458979 0.0195735
20040000 0.0445084 0.0202479
20070000 0.0473479 0.020296
20100000 0.046045 0.0184937
20130000 0.047903 0.0194934
20160000 0.0463614 0.0194072
20190000 0.0479965 0.0211181
20220000 0.0436657 0.0196006
20250000 0.0480457 0.0215477
20280000 0.0474462 0.0199596
20310000 0.0490993 0.0207531
20340000 0.0489306 0.0212664
20370000 0.047801 0.0192244
20400000 0.0460763 0.0186107
20430000 0.0485355 0.0211718
20460000 0.0486546 0.018457
20490000 0.0487165 0.0192026
20520000 0.0488396 0.018256
20550000 0.0468718 0.0190936
20580000 0.0468372 0.0212294
20610000 0.0480653 0.0203011
20640000 0.0498162 0.0205154
20670000 0.0497428 0.0194777
20700000 0.0492017 0.0187007
20730000 0.0486022 0.0195646
20760000 0.0497541 0.020606
20790000 0.0506261 0.0206898
20820000 0.0525755 0.0195257
20850000 0.0515963 0.0192806
20880000 0.0508852 0.0211816
20910000 0.052169 0.0209151
20940000 0.0535456 0.0221392
20970000 0.051717 0.0207651
21000000 0.0521293 0.0195712
21030000 0.0516617 0.0205896
21060000 0.0503259 0.0190083
21090000 0.0542864 0.0217786
21120000 0.0509279 0.0212083
21150000 0.0524093 0.0199342
21180000 0.0509201 0.0202534
21210000 0.0507537 0.0205873
21240000 0.0529398 0.020835
21270000 0.0536953 0.0196715
21300000 0.0532651 0.0196227
21330000 0.052316 0.0222545
21360000 0.0522392 0.0188372
21390000 0.0551933 0.021557
21420000 0.0563665 0.0199674
21450000 0.0528321 0.0192814
21480000 0.0557705 0.020447
21510000 0.0543112 0.0209199
21540000 0.0552475 0.02005
21570000 0.0545036 0.0214464
21600000 0.0549488 0.0229674
21630000 0.0553143 0.0211928
21660000 0.0561876 0.019954
21690000 0.0568491 0.0221134
21720000 0.0565983 0.0207045
21750000 0.0538065 0.0188741
21780000 0.0586485 0.0214408
21810000 0.0561493 0.0197512
21840000 0.0586375 0.0238738
21870000 0.0590689 0.0219971
21900000 0.0586099 0.0202067
21930000 0.0581193 0.0224923
21960000 0.0573158 0.0224352
21990000 0.0567087 0.0198582
22020000 0.0604972 0.0220222
22050000 0.0587607 0.021317
22080000 0.0591573 0.0212974
22110000 0.0585101 0.0199575
22140000 0.0598539 0.0202491
22170000 0.05978 0.023516
22200000 0.0615 0.0206206
22230000 0.0604761 0.021653
22260000 0.0596335 0.022731
22290000 0.0610866 0.0203535
22320000 0.0597243 0.0222155
22350000 0.0614619 0.0221665
22380000 0.0664088 0.0219505
22410000 0.0625595 0.0204594
22440000 0.0606347 0.0231493
22470000 0.0614377 0.0203973
22500000 0.0613628 0.0216827
22530000 0.0605046 0.0198739
22560000 0.0604613 0.0199755
22590000 0.0610099 0.0219547
22620000 0.0597091 0.022878
22650000 0.0601689 0.02224
22680000 0.0629435 0.0233072
22710000 0.062784 0.0219363
22740000 0.0628377 0.021384
22770000 0.064102 0.0246181
22800000 0.0647787 0.0248975
22830000 0.06349 0.0223795
22860000 0.0641667 0.0242803
22890000 0.0634198 0.0235479
22920000 0.0642532 0.0233159
22950000 0.0637049 0.0203412
22980000 0.0649619 0.0236692
23010000 0.0646069 0.0224948
23040000 0.0631928 0.0211507
23070000 0.0649728 0.0215274
23100000 0.0646591 0.0224978
23130000 0.0661886 0.0224006
23160000 0.065377 0.0211181
23190000 0.0660224 0.0224794
23220000 0.061621 0.0227788
23250000 0.06636 0.0207798
23280000 0.0652254 0.0202008
23310000 0.0641652 0.0221635
23340000 0.0692587 0.0232199
23370000 0.0647182 0.021083
23400000 0.0616981 0.0230236
23430000 0.0673194 0.0233776
23460000 0.0657287 0.0243921
23490000 0.0670578 0.0228007
23520000 0.0634184 0.0225626
23550000 0.0666261 0.0215268
23580000 0.0669418 0.0226765
23610000 0.0667722 0.0222091
23640000 0.0637671 0.0235878
23670000 0.0623472 0.0215199
23700000 0.0649461 0.0221939
23730000 0.0685357 0.0241526
23760000 0.0638034 0.0213353
23790000 0.063945 0.0210548
23820000 0.0641128 0.021226
23850000 0.0645544 0.0169748
23880000 0.0629154 0.0202839
23910000 0.0633922 0.0233339
23940000 0.067758 0.0236637
23970000 0.0649728 0.0211494
24000000 0.063488 0.0184218
24030000 0.0669278 0.0207693
24060000 0.0658908 0.021765
24090000 0.0671778 0.02348
24120000 0.0669539 0.0225912
24150000 0.0670828 0.0230649
24180000 0.0726446 0.0243633
24210000 0.0679516 0.0242948
24240000 0.0687309 0.0231471
24270000 0.0682153 0.0211213
24300000 0.0658775 0.0218204
24330000 0.0678192 0.0239801
24360000 0.0724584 0.022336
24390000 0.0685026 0.0245412
24420000 0.0700702 0.0237375
24450000 0.0700353 0.0230967
24480000 0.0717757 0.023639
24510000 0.0740533 0.024481
24540000 0.0718344 0.0228483
24570000 0.0762388 0.0249283
24600000 0.0793756 0.0252015
24630000 0.0753425 0.0224759
24660000 0.0760089 0.0259649
24690000 0.0772575 0.0273465
24720000 0.0789382 0.0224733
24750000 0.0753581 0.0244271
24780000 0.0759223 0.0230528
24810000 0.0796381 0.0243085
24840000 0.0788598 0.0248315
24870000 0.0820553 0.0269821
24900000 0.0790652 0.0265408
24930000 0.0853298 0.025283
24960000 0.0807273 0.0243911
24990000 0.0785327 0.0305018
25020000 0.0845403 0.0245704
25050000 0.0857101 0.0269782
25080000 0.0824871 0.024621
25110000 0.0801938 0.0281908
25140000 0.0863136 0.024253
25170000 0.0836709 0.028441
25200000 0.0865534 0.0282712
25230000 0.085213 0.026571
25260000 0.0820953 0.0291576
25290000 0.0878441 0.0270037
25320000 0.0928516 0.0272923
25350000 0.088426 0.0290023
25380000 0.0932284 0.0305914
25410000 0.0935952 0.0241137
25440000 0.0914079 0.029863
25470000 0.0904647 0.0256643
25500000 0.0973383 0.0290387
25530000 0.0946168 0.0312496
25560000 0.0930152 0.0289879
25590000 0.0961164 0.0338144
25620000 0.0978446 0.0288181
25650000 0.0976417 0.0297018
25680000 0.101068 0.0310532
25710000 0.0914906 0.0292008
25740000 0.103372 0.02754
25770000 0.106043 0.0342283
25800000 0.11739 0.038029
25830000 0.114822 0.0342436
25860000 0.116739 0.0362586
25890000 0.111711 0.0335498
25920000 0.103019 0.0311735
25950000 0.125606 0.0389421
25980000 0.119316 0.0356226
26010000 0.11839 0.0329584
26040000 0.123969 0.0360013
26070000 0.132835 0.0354935
26100000 0.131238 0.0416547
26130000 0.12987 0.0363138
26160000 0.13536 0.0437469
26190000 0.148391 0.0458245
26220000 0.146777 0.0459639
26250000 0.156999 0.0464951
26280000 0.139201 0.0491633
26310000 0.155401 0.0495106
26340000 0.159892 0.0478267
26370000 0.162838 0.0579029
26400000 0.185461 0.0578361
26430000 0.182281 0.0589739
26460000 0.185852 0.0595371
26490000 0.200268 0.0776527
26520000 0.228699 0.0881587
26550000 0.231949 0.091329
26580000 0.248492 0.091372
26610000 0.253824 0.0946522
26640000 0.252597 0.0953994
26670000 0.270764 0.0942833
26700000 0.292323 0.118729
26730000 0.316161 0.123118
26760000 0.341048 0.144515
26790000 0.397623 0.184489
26820000 0.450429 0.229082
26850000 0.47771 0.279743
26880000 0.552299 0.419352
26910000 0.621333 0.621333
26940000 0 0
26970000 0 0
