30000 15.2419 4.33815
60000 5.72677 2.0647
90000 3.45431 1.42704
120000 2.4993 1.14982
150000 1.95861 0.95662
180000 1.60647 0.80441
210000 1.37804 0.715518
240000 1.21787 0.640953
270000 1.09707 0.578658
300000 1 0.556047
330000 0.922739 0.501595
360000 0.850545 0.446303
390000 0.799569 0.420767
420000 0.749311 0.407642
450000 0.706666 0.371399
480000 0.675434 0.372307
510000 0.646139 0.349261
540000 0.618901 0.328101
570000 0.594472 0.315894
600000 0.576872 0.3137
630000 0.558685 0.301955
660000 0.541077 0.291723
690000 0.526582 0.27555
720000 0.505052 0.268869
750000 0.491753 0.265883
780000 0.481135 0.253064
810000 0.465521 0.238361
840000 0.448389 0.231527
870000 0.437652 0.214423
900000 0.419839 0.211419
930000 0.407555 0.194306
960000 0.400659 0.192777
990000 0.386965 0.174517
1020000 0.381085 0.171111
1050000 0.369207 0.168592
1080000 0.362067 0.164312
1110000 0.356974 0.156171
1140000 0.345093 0.144306
1170000 0.339237 0.133805
1200000 0.332155 0.127721
1230000 0.328459 0.125533
1260000 0.322421 0.121913
1290000 0.316441 0.123156
1320000 0.312353 0.121867
1350000 0.308593 0.119709
1380000 0.304334 0.119207
1410000 0.300204 0.120299
1440000 0.296551 0.119516
1470000 0.288721 0.115889
1500000 0.284312 0.1193
1530000 0.283643 0.113925
1560000 0.277226 0.109216
1590000 0.275706 0.10806
1620000 0.270427 0.109273
1650000 0.263305 0.10883
1680000 0.258229 0.102909
1710000 0.256378 0.106091
1740000 0.249826 0.102661
1770000 0.248935 0.0979566
1800000 0.246563 0.0914192
1830000 0.243317 0.0883371
1860000 0.238621 0.08625
1890000 0.237044 0.0826546
1920000 0.233499 0.080337
1950000 0.230684 0.0809586
1980000 0.227246 0.0806628
2010000 0.224456 0.0796451
2040000 0.220296 0.07896
2070000 0.217524 0.078703
2100000 0.216774 0.0774822
2130000 0.214624 0.0820307
2160000 0.212321 0.0802585
2190000 0.21069 0.0802638
2220000 0.208496 0.0813633
2250000 0.20316 0.0782381
2280000 0.20125 0.0779395
2310000 0.202733 0.0780851
2340000 0.199341 0.0809114
2370000 0.196145 0.079235
2400000 0.192207 0.0779181
2430000 0.191064 0.0783483
2460000 0.191018 0.0777974
2490000 0.187319 0.0767148
2520000 0.185351 0.0757038
2550000 0.181581 0.0761078
2580000 0.182424 0.0791131
2610000 0.180452 0.0743499
2640000 0.179761 0.0764728
2670000 0.176629 0.0748299
2700000 0.174947 0.0764372
2730000 0.174355 0.0753127
2760000 0.171843 0.0746846
2790000 0.171059 0.0752059
2820000 0.165106 0.0724378
2850000 0.164986 0.0713744
2880000 0.16293 0.0724837
2910000 0.162638 0.0732124
2940000 0.162487 0.0739144
2970000 0.159862 0.0718366
3000000 0.156281 0.0694315
3030000 0.154984 0.0690539
3060000 0.156746 0.069246
3090000 0.155056 0.0718223
3120000 0.152636 0.0695195
3150000 0.150794 0.068723
3180000 0.151833 0.0703442
3210000 0.148905 0.0706461
3240000 0.148541 0.0697721
3270000 0.148132 0.0688035
3300000 0.145627 0.0671372
3330000 0.147374 0.0662702
3360000 0.143509 0.0658768
3390000 0.146965 0.067055
3420000 0.143723 0.0669706
3450000 0.142324 0.06678
3480000 0.142371 0.0653258
3510000 0.13954 0.065113
3540000 0.140781 0.0676439
3570000 0.141487 0.06496
3600000 0.137633 0.0658692
3630000 0.1355 0.0630759
3660000 0.136667 0.0647294
3690000 0.136042 0.0638147
3720000 0.13493 0.062465
3750000 0.133316 0.0620047
3780000 0.132762 0.0608177
3810000 0.13256 0.0603015
3840000 0.12976 0.05958
3870000 0.128728 0.0591915
3900000 0.130477 0.061538
3930000 0.13091 0.0632522
3960000 0.129706 0.0604624
3990000 0.127755 0.0608804
4020000 0.127649 0.0632289
4050000 0.125039 0.0601543
4080000 0.123986 0.0626244
4110000 0.125161 0.064179
4140000 0.124181 0.0774506
4170000 0.126207 0.0894788
4200000 0.124966 0.0731889
4230000 0.12159 0.0634183
4260000 0.118849 0.0592452
4290000 0.117052 0.0542776
4320000 0.117046 0.0578845
4350000 0.116119 0.0565566
4380000 0.114265 0.0554944
4410000 0.115042 0.05662
4440000 0.113611 0.0535922
4470000 0.112625 0.0541438
4500000 0.112093 0.0546223
4530000 0.110074 0.0539445
4560000 0.108352 0.0530573
4590000 0.111275 0.055087
4620000 0.108685 0.0534684
4650000 0.109486 0.0530475
4680000 0.107402 0.0531802
4710000 0.108489 0.0541515
4740000 0.106321 0.0518062
4770000 0.105232 0.0518942
4800000 0.104308 0.0500117
4830000 0.106349 0.0500622
4860000 0.104 0.0509466
4890000 0.102779 0.0497095
4920000 0.102626 0.0486518
4950000 0.102632 0.0493281
4980000 0.10066 0.0472344
5010000 0.103155 0.0486959
5040000 0.100899 0.0503319
5070000 0.10095 0.0494137
5100000 0.0997131 0.0497388
5130000 0.0973003 0.0475394
5160000 0.0973504 0.0466789
5190000 0.0980092 0.0482437
5220000 0.0972946 0.0466484
5250000 0.0983278 0.0492495
5280000 0.0960575 0.0466424
5310000 0.0956986 0.0467812
5340000 0.0941795 0.0465248
5370000 0.0956035 0.0463871
5400000 0.093589 0.046936
5430000 0.0933456 0.0471072
5460000 0.0937072 0.0469252
5490000 0.0920817 0.0455269
5520000 0.0919268 0.0465974
5550000 0.0924623 0.0450366
5580000 0.0898967 0.0457912
5610000 0.0889067 0.044045
5640000 0.0886528 0.0442866
5670000 0.0853033 0.0438231
5700000 0.0869923 0.0457522
5730000 0.0850279 0.0439507
5760000 0.0882421 0.0446321
5790000 0.0869094 0.0450108
5820000 0.0864373 0.045326
5850000 0.0862496 0.0436873
5880000 0.0856317 0.0435396
5910000 0.0850905 0.0440932
5940000 0.0861605 0.0451557
5970000 0.0835996 0.0436679
6000000 0.082213 0.0435314
6030000 0.0827687 0.0431822
6060000 0.0831553 0.0429463
6090000 0.0829694 0.04293
6120000 0.0808045 0.0409626
6150000 0.081384 0.0423326
6180000 0.077493 0.0407128
6210000 0.0778318 0.0405837
6240000 0.0773001 0.0401005
6270000 0.079987 0.0420888
6300000 0.07908 0.0415907
6330000 0.0772433 0.039993
6360000 0.0785431 0.0422346
6390000 0.0775753 0.0412697
6420000 0.0738569 0.0401777
6450000 0.0767329 0.0396535
6480000 0.0770928 0.0416518
6510000 0.0753003 0.037691
6540000 0.0744502 0.0405112
6570000 0.0750289 0.0410753
6600000 0.0734677 0.0393272
6630000 0.0742738 0.0395482
6660000 0.075206 0.039575
6690000 0.0743733 0.0391485
6720000 0.0731818 0.0391446
6750000 0.0706475 0.0382594
6780000 0.0712933 0.0369075
6810000 0.0723855 0.0392317
6840000 0.0706206 0.0371556
6870000 0.0705518 0.0357621
6900000 0.0711226 0.0375956
6930000 0.0706208 0.0367596
6960000 0.0696464 0.0379516
6990000 0.0696297 0.0365148
7020000 0.0683174 0.035463
7050000 0.0692969 0.037571
7080000 0.0675863 0.0355456
7110000 0.0673026 0.0352143
7140000 0.0663584 0.034718
7170000 0.0661326 0.0346142
7200000 0.0643552 0.035587
7230000 0.0671912 0.0369307
7260000 0.0666646 0.0368578
7290000 0.0678694 0.0344415
7320000 0.066736 0.0342286
7350000 0.0651574 0.0344995
7380000 0.0645569 0.0326003
7410000 0.0647506 0.0354822
7440000 0.0649002 0.034575
7470000 0.064096 0.0326273
7500000 0.0637655 0.0333556
7530000 0.061964 0.0318321
7560000 0.0619051 0.0336368
7590000 0.0624896 0.0323191
7620000 0.0626863 0.0331345
7650000 0.0644638 0.0324169
7680000 0.0630005 0.0321694
7710000 0.0622403 0.0336281
7740000 0.0610332 0.0335978
7770000 0.059461 0.0300684
7800000 0.0601298 0.032191
7830000 0.0619955 0.0333029
7860000 0.0590977 0.0294263
7890000 0.058622 0.0309581
7920000 0.059072 0.0313551
7950000 0.0589684 0.0310725
7980000 0.0595929 0.0306404
8010000 0.0581398 0.0311507
8040000 0.0590639 0.0312977
8070000 0.0572984 0.0312822
8100000 0.0575474 0.0307157
8130000 0.0567536 0.0303644
8160000 0.0559458 0.0311263
8190000 0.0571983 0.0293792
8220000 0.0554314 0.0305291
8250000 0.0556869 0.0301904
8280000 0.0551598 0.0306651
8310000 0.0550335 0.0303324
8340000 0.0544431 0.029224
8370000 0.0575767 0.031192
8400000 0.0561021 0.0305981
8430000 0.0553777 0.030016
8460000 0.0537839 0.029901
8490000 0.0540339 0.0281728
8520000 0.0540235 0.028468
8550000 0.0530643 0.0290142
8580000 0.0547277 0.030109
8610000 0.0541061 0.0302071
8640000 0.0544337 0.0294673
8670000 0.0536052 0.0298959
8700000 0.0521525 0.0296468
8730000 0.0536131 0.0314569
8760000 0.052358 0.0289365
8790000 0.0527465 0.0305836
8820000 0.0516673 0.0285975
8850000 0.0500392 0.0283355
8880000 0.0514817 0.0288763
8910000 0.0498429 0.0293594
8940000 0.050913 0.0294891
8970000 0.0502703 0.0279198
9000000 0.0491624 0.0271225
9030000 0.0499708 0.0293561
9060000 0.0488313 0.027484
9090000 0.0483478 0.0277435
9120000 0.0484521 0.0262572
9150000 0.0478226 0.0275552
9180000 0.0467309 0.0263886
9210000 0.0470224 0.0267587
9240000 0.0481083 0.0265421
9270000 0.0493866 0.027061
9300000 0.0477329 0.0265971
9330000 0.0476405 0.0261555
9360000 0.0488792 0.0280702
9390000 0.0479697 0.0252992
9420000 0.0467547 0.0257913
9450000 0.0451905 0.0262811
9480000 0.0453959 0.0261719
9510000 0.0460177 0.0259987
9540000 0.0464681 0.029168
9570000 0.0462368 0.0265104
9600000 0.0457918 0.0260906
9630000 0.0453944 0.0260222
9660000 0.044919 0.0261815
9690000 0.047397 0.0275539
9720000 0.0440887 0.0253228
9750000 0.0439362 0.0261351
9780000 0.0440536 0.0250081
9810000 0.0455116 0.0267256
9840000 0.0436812 0.0250216
9870000 0.0435846 0.0254241
9900000 0.0423224 0.0253539
9930000 0.0432746 0.0253578
9960000 0.0423492 0.0261683
9990000 0.0411925 0.0250903
10020000 0.0422034 0.0239765
10050000 0.0411519 0.0242913
10080000 0.0405185 0.0225853
10110000 0.0410314 0.022239
10140000 0.0404305 0.023981
10170000 0.0400338 0.0228662
10200000 0.0412099 0.0233459
10230000 0.039279 0.0221046
10260000 0.0392003 0.0223967
10290000 0.0391765 0.0226202
10320000 0.0407403 0.0229249
10350000 0.0396149 0.0236267
10380000 0.0384991 0.0215969
10410000 0.0397594 0.0232489
10440000 0.0379777 0.021739
10470000 0.0382435 0.0223854
10500000 0.0376199 0.0222488
10530000 0.0387194 0.0225438
10560000 0.0392154 0.023204
10590000 0.037763 0.0221618
10620000 0.0376208 0.0208804
10650000 0.037699 0.0207993
10680000 0.0374746 0.0206274
10710000 0.0359085 0.0197731
10740000 0.036173 0.0206236
10770000 0.036416 0.0222853
10800000 0.0361642 0.0206678
10830000 0.0366033 0.0230327
10860000 0.0370684 0.020829
10890000 0.0356537 0.020204
10920000 0.0362 0.0212382
10950000 0.0355528 0.0197987
10980000 0.0351899 0.0207678
11010000 0.0352748 0.0200996
11040000 0.0338926 0.0204693
11070000 0.0338954 0.019473
11100000 0.0336809 0.0202499
11130000 0.0338611 0.0213008
11160000 0.0336459 0.0195523
11190000 0.0327754 0.0186502
11220000 0.0333931 0.0194527
11250000 0.0317519 0.0175946
11280000 0.0326002 0.0184081
11310000 0.0324745 0.0190992
11340000 0.0318906 0.0179649
11370000 0.0329392 0.0187847
11400000 0.0304928 0.0182001
11430000 0.0306874 0.0188509
11460000 0.0300573 0.0160183
11490000 0.0305568 0.018828
11520000 0.0321105 0.0180226
11550000 0.0296912 0.0166726
11580000 0.0315811 0.018332
11610000 0.0321206 0.019671
11640000 0.0313453 0.0190008
11670000 0.0309593 0.0183969
11700000 0.0302865 0.0179276
11730000 0.030216 0.0186055
11760000 0.0307516 0.0194015
11790000 0.0298515 0.017948
11820000 0.0304111 0.0188654
11850000 0.0296376 0.0174121
11880000 0.0290106 0.0193596
11910000 0.0295694 0.0166231
11940000 0.0286978 0.0165742
11970000 0.0292215 0.017513
12000000 0.0300883 0.0184069
12030000 0.0297881 0.0183716
12060000 0.0277381 0.0149436
12090000 0.0262916 0.015703
12120000 0.0269526 0.0179398
12150000 0.0272655 0.0175649
12180000 0.026677 0.016515
12210000 0.0279776 0.0164696
12240000 0.0270037 0.017322
12270000 0.0272197 0.0159747
12300000 0.0255387 0.014537
12330000 0.026901 0.0176287
12360000 0.028293 0.018971
12390000 0.0260188 0.0165362
12420000 0.0272921 0.0170719
12450000 0.0271845 0.0173322
12480000 0.0252642 0.01713
12510000 0.0265033 0.0178912
12540000 0.0265059 0.0156921
12570000 0.0261769 0.017546
12600000 0.026205 0.0162312
12630000 0.0256891 0.0167494
12660000 0.0253797 0.0175045
12690000 0.0263649 0.0183829
12720000 0.0244005 0.0166838
12750000 0.0253056 0.0166837
12780000 0.0266694 0.0185593
12810000 0.0269131 0.0184848
12840000 0.0258152 0.0170226
12870000 0.0268099 0.0182329
12900000 0.0259418 0.0179297
12930000 0.0261929 0.0183518
12960000 0.0249396 0.016517
12990000 0.0249082 0.0169116
13020000 0.0244513 0.0169138
13050000 0.0251748 0.0176
13080000 0.0246426 0.0163601
13110000 0.0251645 0.0175522
13140000 0.024575 0.0161815
13170000 0.025308 0.0179869
13200000 0.0248642 0.017326
13230000 0.0250206 0.0183667
13260000 0.0246277 0.0163582
13290000 0.023802 0.0171279
13320000 0.0268637 0.0182879
13350000 0.0268714 0.0178433
13380000 0.0249923 0.0165749
13410000 0.0242284 0.0178441
13440000 0.023644 0.0163225
13470000 0.0240668 0.0174323
13500000 0.0237151 0.0163137
13530000 0.023797 0.0154515
13560000 0.0240175 0.0177626
13590000 0.0245814 0.0194706
13620000 0.024012 0.0161527
13650000 0.02417 0.0176618
13680000 0.025243 0.0186358
13710000 0.024612 0.0180317
13740000 0.0244683 0.017984
13770000 0.0247028 0.0185827
13800000 0.0239913 0.0172805
13830000 0.0262131 0.0190731
13860000 0.025471 0.0181811
13890000 0.0248659 0.0202345
13920000 0.0264243 0.0192982
13950000 0.0253884 0.01645
13980000 0.0247778 0.0184973
14010000 0.0249642 0.018253
14040000 0.0247768 0.0180802
14070000 0.0253163 0.0189918
14100000 0.0237598 0.016785
14130000 0.0249981 0.0168808
14160000 0.0237795 0.0191963
14190000 0.0234218 0.0173568
14220000 0.0259329 0.0177063
14250000 0.0257163 0.0166258
14280000 0.0251825 0.0179624
14310000 0.023127 0.0153919
14340000 0.0238696 0.0167306
14370000 0.0247715 0.0187738
14400000 0.0246246 0.0204411
14430000 0.0258292 0.0177612
14460000 0.0243006 0.0168592
14490000 0.0243992 0.0186021
14520000 0.0234005 0.0173913
14550000 0.0256924 0.0189616
14580000 0.026557 0.0193018
14610000 0.0243365 0.0178882
14640000 0.0244926 0.0175788
14670000 0.026726 0.0181494
14700000 0.0256908 0.0201812
14730000 0.0266753 0.0209086
14760000 0.0249717 0.0199128
14790000 0.0242294 0.0184971
14820000 0.0241196 0.0188141
14850000 0.0259457 0.0203492
14880000 0.0255944 0.0200965
14910000 0.0245909 0.0189043
14940000 0.0257134 0.0204275
14970000 0.0258973 0.0189543
15000000 0.0241118 0.017929
15030000 0.023783 0.0193242
15060000 0.0249324 0.0188281
15090000 0.0256531 0.0215323
15120000 0.0236665 0.0178219
15150000 0.0249138 0.0171463
15180000 0.0241907 0.0172277
15210000 0.025047 0.0172266
15240000 0.0255626 0.0195021
15270000 0.025417 0.0214048
15300000 0.0255542 0.0184406
15330000 0.0232249 0.0178577
15360000 0.0273198 0.020194
15390000 0.024335 0.0198421
15420000 0.0256013 0.0208501
15450000 0.0239909 0.0192696
15480000 0.0231621 0.0163493
15510000 0.0264298 0.0197481
15540000 0.026141 0.0197621
15570000 0.0256462 0.0203828
15600000 0.0254285 0.020261
15630000 0.0254459 0.0207214
15660000 0.0247427 0.0200075
15690000 0.0246736 0.0225009
15720000 0.0256346 0.0201328
15750000 0.0253356 0.0187333
15780000 0.025847 0.0207361
15810000 0.0248714 0.0194339
15840000 0.0263523 0.0191794
15870000 0.0240921 0.0188622
15900000 0.0229063 0.018197
15930000 0.0240269 0.0179257
15960000 0.0245595 0.0187382
15990000 0.0244938 0.020587
16020000 0.0239783 0.0181295
16050000 0.0259772 0.0210426
16080000 0.0264801 0.022308
16110000 0.0240823 0.0194198
16140000 0.0227182 0.0177583
16170000 0.0255531 0.0181661
16200000 0.0258359 0.0219439
16230000 0.0249484 0.0201523
16260000 0.0263405 0.0205067
16290000 0.0254779 0.0206189
16320000 0.0256728 0.0187342
16350000 0.0254371 0.0201779
16380000 0.0272816 0.0217588
16410000 0.0254391 0.0204707
16440000 0.0262777 0.0212227
16470000 0.024845 0.0191666
16500000 0.0243267 0.0186921
16530000 0.0254173 0.0200239
16560000 0.0248776 0.0188868
16590000 0.0266194 0.0208402
16620000 0.025731 0.0197245
16650000 0.0256444 0.0205199
16680000 0.0245843 0.0180161
16710000 0.0279341 0.0202531
16740000 0.027702 0.0192341
16770000 0.0250148 0.0183066
16800000 0.0260104 0.0203169
16830000 0.0272141 0.0202282
16860000 0.025783 0.0212207
16890000 0.0260146 0.0210627
16920000 0.0265745 0.0206516
16950000 0.0276505 0.0224335
16980000 0.0258364 0.0200338
17010000 0.0271288 0.0195464
17040000 0.02621 0.0215932
17070000 0.0292256 0.020715
17100000 0.0268531 0.0210498
17130000 0.0269768 0.0213806
17160000 0.0281617 0.0190125
17190000 0.0255885 0.0202972
17220000 0.0289373 0.0221387
17250000 0.0286032 0.0221897
17280000 0.0288943 0.0236082
17310000 0.0261039 0.02127
17340000 0.0272655 0.0246126
17370000 0.0299935 0.0232112
17400000 0.027304 0.0223142
17430000 0.0267773 0.0216467
17460000 0.0262363 0.0223073
17490000 0.0298361 0.0201307
17520000 0.0272763 0.019623
17550000 0.0310005 0.0231438
17580000 0.0264871 0.0181297
17610000 0.0267419 0.018196
17640000 0.029083 0.0194884
17670000 0.0265529 0.019242
17700000 0.0273017 0.0212839
17730000 0.0280722 0.0217292
17760000 0.0295502 0.0191527
17790000 0.0309501 0.0225182
17820000 0.0298969 0.0237039
17850000 0.0323276 0.025543
17880000 0.0295226 0.0229069
17910000 0.03465 0.0254533
17940000 0.0264142 0.0201047
17970000 0.0325218 0.0235046
18000000 0.0281333 0.0208893
18030000 0.0302227 0.021832
18060000 0.0306453 0.0251126
18090000 0.0308791 0.0222642
18120000 0.0319417 0.0228549
18150000 0.0316761 0.0222825
18180000 0.0288119 0.019229
18210000 0.0296903 0.0227391
18240000 0.0337874 0.0259383
18270000 0.0311873 0.0216409
18300000 0.0346478 0.0237892
18330000 0.0316085 0.0258299
18360000 0.0290466 0.0208456
18390000 0.0313349 0.0199831
18420000 0.0331917 0.0231835
18450000 0.0339403 0.0217045
18480000 0.0359666 0.0225313
18510000 0.036276 0.0215743
18540000 0.0377493 0.0267099
18570000 0.0349978 0.0208565
18600000 0.0347373 0.0200566
18630000 0.032705 0.0202857
18660000 0.0373253 0.0237335
18690000 0.0424761 0.0261972
18720000 0.0366707 0.0269546
18750000 0.0417528 0.0253413
18780000 0.0342808 0.02225
18810000 0.0417481 0.0297179
18840000 0.0409979 0.0247151
18870000 0.0361453 0.0274473
18900000 0.0353288 0.0235415
18930000 0.0384718 0.0274601
18960000 0.0367625 0.0247839
18990000 0.0393688 0.0284099
19020000 0.0413725 0.0241106
19050000 0.0359518 0.0247789
19080000 0.0445091 0.0264724
19110000 0.0454847 0.02803
19140000 0.0482337 0.0288929
19170000 0.0516508 0.0273954
19200000 0.0463013 0.0258029
19230000 0.0498678 0.0255737
19260000 0.0573986 0.0264154
19290000 0.0467985 0.0239148
19320000 0.0542069 0.0270829
19350000 0.0666951 0.032408
19380000 0.0584519 0.0365757
19410000 0.0658299 0.0380758
19440000 0.0707466 0.0382717
19470000 0.0700496 0.048361
19500000 0.0727644 0.0489428
19530000 0.0747757 0.0576523
19560000 0.0601641 0.0440359
19590000 0.0558399 0.0445121
19620000 0.0385325 0.0319056
19650000 0.0180918 0.0142808
19680000 0.00637318 0
