0 728.908
Inter 0.216985
30000 213.07
60000 73.161
90000 42.9285
120000 30.5522
150000 23.892
180000 19.8678
210000 17.0557
240000 15.0941
270000 13.6217
300000 12.5037
330000 11.5851
360000 10.787
390000 10.1436
420000 9.6141
450000 9.11736
480000 8.76846
510000 8.3887
540000 8.0805
570000 7.79266
600000 7.51103
630000 7.26165
660000 7.04795
690000 6.89891
720000 6.69946
750000 6.54664
780000 6.42606
810000 6.24161
840000 6.11145
870000 5.98904
900000 5.83423
930000 5.7545
960000 5.61101
990000 5.54615
1020000 5.43723
1050000 5.30088
1080000 5.24956
1110000 5.12834
1140000 5.07041
1170000 4.98327
1200000 4.89634
1230000 4.84157
1260000 4.74165
1290000 4.68579
1320000 4.63325
1350000 4.55114
1380000 4.51453
1410000 4.44074
1440000 4.36535
1470000 4.33872
1500000 4.26304
1530000 4.23439
1560000 4.17361
1590000 4.15488
1620000 4.11181
1650000 4.02588
1680000 3.97377
1710000 3.95
1740000 3.89212
1770000 3.83876
1800000 3.77036
1830000 3.72552
1860000 3.69874
1890000 3.67975
1920000 3.62644
1950000 3.59474
1980000 3.58033
2010000 3.54809
2040000 3.46223
2070000 3.45093
2100000 3.41654
2130000 3.39278
2160000 3.34105
2190000 3.30077
2220000 3.28311
2250000 3.24136
2280000 3.21244
2310000 3.20329
2340000 3.18598
2370000 3.13147
2400000 3.11272
2430000 3.06787
2460000 3.03879
2490000 3.01431
2520000 2.94881
2550000 2.92338
2580000 2.91603
2610000 2.86125
2640000 2.83304
2670000 2.85119
2700000 2.81457
2730000 2.80481
2760000 2.72752
2790000 2.72397
2820000 2.70285
2850000 2.6938
2880000 2.63585
2910000 2.60237
2940000 2.6179
2970000 2.56845
3000000 2.52411
3030000 2.50183
3060000 2.53548
3090000 2.44533
3120000 2.48454
3150000 2.42974
3180000 2.40712
3210000 2.38683
3240000 2.37674
3270000 2.35449
3300000 2.32089
3330000 2.30363
3360000 2.24864
3390000 2.26061
3420000 2.22853
3450000 2.19864
3480000 2.19677
3510000 2.17247
3540000 2.13673
3570000 2.13756
3600000 2.09837
3630000 2.09772
3660000 2.0801
3690000 2.06283
3720000 2.03293
3750000 2.00842
3780000 2.00783
3810000 1.98848
3840000 1.96279
3870000 1.92794
3900000 1.94163
3930000 1.91542
3960000 1.91315
3990000 1.86808
4020000 1.85826
4050000 1.83033
4080000 1.80918
4110000 1.80767
4140000 1.76191
4170000 1.75178
4200000 1.76245
4230000 1.73892
4260000 1.70814
4290000 1.71139
4320000 1.67739
4350000 1.66245
4380000 1.64924
4410000 1.62239
4440000 1.66951
4470000 1.62843
4500000 1.59577
4530000 1.57484
4560000 1.5576
4590000 1.55959
4620000 1.52752
4650000 1.54396
4680000 1.4962
4710000 1.50191
4740000 1.46442
4770000 1.45486
4800000 1.42807
4830000 1.43967
4860000 1.4403
4890000 1.4208
4920000 1.39508
4950000 1.40423
4980000 1.39891
5010000 1.39088
5040000 1.3838
5070000 1.35646
5100000 1.32515
5130000 1.33948
5160000 1.31563
5190000 1.28088
5220000 1.33237
5250000 1.31047
5280000 1.30103
5310000 1.27632
5340000 1.23488
5370000 1.26337
5400000 1.21833
5430000 1.23876
5460000 1.23973
5490000 1.19114
5520000 1.20247
5550000 1.18859
5580000 1.1687
5610000 1.13662
5640000 1.14061
5670000 1.14672
5700000 1.11799
5730000 1.13061
5760000 1.1005
5790000 1.11286
5820000 1.10328
5850000 1.09877
5880000 1.06908
5910000 1.0739
5940000 1.06652
5970000 1.05028
6000000 1.05472
6030000 1.05539
6060000 1.03726
6090000 1.02658
6120000 1.01602
6150000 0.99444
6180000 0.990921
6210000 0.966057
6240000 0.964535
6270000 0.968956
6300000 0.973115
6330000 0.958932
6360000 0.958063
6390000 0.927773
6420000 0.941535
6450000 0.912405
6480000 0.925206
6510000 0.922239
6540000 0.898938
6570000 0.903995
6600000 0.896866
6630000 0.893266
6660000 0.897362
6690000 0.871175
6720000 0.875472
6750000 0.840991
6780000 0.84896
6810000 0.839393
6840000 0.843377
6870000 0.843041
6900000 0.831726
6930000 0.806363
6960000 0.812425
6990000 0.811762
7020000 0.803225
7050000 0.803306
7080000 0.79751
7110000 0.795987
7140000 0.783586
7170000 0.756023
7200000 0.760084
7230000 0.752314
7260000 0.738066
7290000 0.752247
7320000 0.742639
7350000 0.743902
7380000 0.744372
7410000 0.731604
7440000 0.732285
7470000 0.717833
7500000 0.728299
7530000 0.72398
7560000 0.700334
7590000 0.713738
7620000 0.698654
7650000 0.713505
7680000 0.696046
7710000 0.686442
7740000 0.683884
7770000 0.686449
7800000 0.670835
7830000 0.67494
7860000 0.669448
7890000 0.679488
7920000 0.667343
7950000 0.658837
7980000 0.67807
8010000 0.6505
8040000 0.658222
8070000 0.643037
8100000 0.64271
8130000 0.63705
8160000 0.61925
8190000 0.636298
8220000 0.620774
8250000 0.630934
8280000 0.625554
8310000 0.607766
8340000 0.611197
8370000 0.618204
8400000 0.605396
8430000 0.607374
8460000 0.597131
8490000 0.58845
8520000 0.579762
8550000 0.569969
8580000 0.562414
8610000 0.570095
8640000 0.579038
8670000 0.57676
8700000 0.578022
8730000 0.570236
8760000 0.562814
8790000 0.558516
8820000 0.55699
8850000 0.564425
8880000 0.554682
8910000 0.557951
8940000 0.550493
8970000 0.553939
9000000 0.547091
9030000 0.542834
9060000 0.543046
9090000 0.541235
9120000 0.52788
9150000 0.5371
9180000 0.533716
9210000 0.520333
9240000 0.52125
9270000 0.533783
9300000 0.514281
9330000 0.533192
9360000 0.519237
9390000 0.530025
9420000 0.515888
9450000 0.497458
9480000 0.497084
9510000 0.508321
9540000 0.501055
9570000 0.483823
9600000 0.490979
9630000 0.474495
9660000 0.492683
9690000 0.487376
9720000 0.485162
9750000 0.474013
9780000 0.472297
9810000 0.473666
9840000 0.471349
9870000 0.466218
9900000 0.473127
9930000 0.465956
9960000 0.453489
9990000 0.465925
10020000 0.450496
10050000 0.452012
10080000 0.440568
10110000 0.440024
10140000 0.427687
10170000 0.450481
10200000 0.449187
10230000 0.447163
10260000 0.430229
10290000 0.43031
10320000 0.431846
10350000 0.437773
10380000 0.437741
10410000 0.442517
10440000 0.421081
10470000 0.421768
10500000 0.4192
10530000 0.42045
10560000 0.420005
10590000 0.408983
10620000 0.422695
10650000 0.412075
10680000 0.400909
10710000 0.39955
10740000 0.393727
10770000 0.400259
10800000 0.398864
10830000 0.402132
10860000 0.392736
10890000 0.399761
10920000 0.403507
10950000 0.39888
10980000 0.394286
11010000 0.397235
11040000 0.400319
11070000 0.394652
11100000 0.404115
11130000 0.389412
11160000 0.396169
11190000 0.397262
11220000 0.382992
11250000 0.392856
11280000 0.39059
11310000 0.391163
11340000 0.382921
11370000 0.386755
11400000 0.383754
11430000 0.379461
11460000 0.378358
11490000 0.384858
11520000 0.383366
11550000 0.381221
11580000 0.382298
11610000 0.376575
11640000 0.377451
11670000 0.380647
11700000 0.376803
11730000 0.370605
11760000 0.389559
11790000 0.37808
11820000 0.369675
11850000 0.364756
11880000 0.368732
11910000 0.361089
11940000 0.363262
11970000 0.377029
12000000 0.372972
12030000 0.369902
12060000 0.36831
12090000 0.361007
12120000 0.346899
12150000 0.359391
12180000 0.3603
12210000 0.37142
12240000 0.355478
12270000 0.363454
12300000 0.357144
12330000 0.352243
12360000 0.346663
12390000 0.354184
12420000 0.365114
12450000 0.35048
12480000 0.364008
12510000 0.346968
12540000 0.352516
12570000 0.350398
12600000 0.344349
12630000 0.347151
12660000 0.352317
12690000 0.366711
12720000 0.35654
12750000 0.358027
12780000 0.350523
12810000 0.357498
12840000 0.359031
12870000 0.36233
12900000 0.365103
12930000 0.359775
12960000 0.354399
12990000 0.347849
13020000 0.357067
13050000 0.34602
13080000 0.349704
13110000 0.354371
13140000 0.334838
13170000 0.355631
13200000 0.344872
13230000 0.355365
13260000 0.34792
13290000 0.355261
13320000 0.353703
13350000 0.357612
13380000 0.343106
13410000 0.353512
13440000 0.35195
13470000 0.345447
13500000 0.356204
13530000 0.354502
13560000 0.351388
13590000 0.349579
13620000 0.36598
13650000 0.358239
13680000 0.359249
13710000 0.348983
13740000 0.354902
13770000 0.357708
13800000 0.354588
13830000 0.353291
13860000 0.363445
13890000 0.348938
13920000 0.365747
13950000 0.363759
13980000 0.354253
14010000 0.367198
14040000 0.368465
14070000 0.373578
14100000 0.355096
14130000 0.371117
14160000 0.368118
14190000 0.35211
14220000 0.378419
14250000 0.369533
14280000 0.366564
14310000 0.372648
14340000 0.375568
14370000 0.387895
14400000 0.376262
14430000 0.37942
14460000 0.374617
14490000 0.378178
14520000 0.372444
14550000 0.388712
14580000 0.383765
14610000 0.389962
14640000 0.377859
14670000 0.394139
14700000 0.387356
14730000 0.388362
14760000 0.383989
14790000 0.386479
14820000 0.376669
14850000 0.386907
14880000 0.374263
14910000 0.38884
14940000 0.397373
14970000 0.397948
15000000 0.390648
15030000 0.398635
15060000 0.395191
15090000 0.399871
15120000 0.391722
15150000 0.407188
15180000 0.407174
15210000 0.401517
15240000 0.393672
15270000 0.407247
15300000 0.400688
15330000 0.389754
15360000 0.402356
15390000 0.386874
15420000 0.411049
15450000 0.394625
15480000 0.409487
15510000 0.415145
15540000 0.40458
15570000 0.411737
15600000 0.409256
15630000 0.41691
15660000 0.412274
15690000 0.419905
15720000 0.428899
15750000 0.421821
15780000 0.415962
15810000 0.417337
15840000 0.419871
15870000 0.413072
15900000 0.418417
15930000 0.427523
15960000 0.426313
15990000 0.420569
16020000 0.426948
16050000 0.430545
16080000 0.434414
16110000 0.434273
16140000 0.439839
16170000 0.438976
16200000 0.424282
16230000 0.439973
16260000 0.444002
16290000 0.452519
16320000 0.441603
16350000 0.44299
16380000 0.452711
16410000 0.449846
16440000 0.458564
16470000 0.449477
16500000 0.441089
16530000 0.433497
16560000 0.454639
16590000 0.45811
16620000 0.453866
16650000 0.420301
16680000 0.460074
16710000 0.465012
16740000 0.453791
16770000 0.455221
16800000 0.461924
16830000 0.460017
16860000 0.459099
16890000 0.474934
16920000 0.461294
16950000 0.461523
16980000 0.468837
17010000 0.470391
17040000 0.467778
17070000 0.489618
17100000 0.485678
17130000 0.474612
17160000 0.484609
17190000 0.487398
17220000 0.482454
17250000 0.471543
17280000 0.478501
17310000 0.474953
17340000 0.488968
17370000 0.4948
17400000 0.490228
17430000 0.478616
17460000 0.496183
17490000 0.485483
17520000 0.490761
17550000 0.497372
17580000 0.478386
17610000 0.493366
17640000 0.49307
17670000 0.475982
17700000 0.495644
17730000 0.482576
17760000 0.514046
17790000 0.5027
17820000 0.513065
17850000 0.505024
17880000 0.506088
17910000 0.518844
17940000 0.511904
17970000 0.5158
18000000 0.505248
18030000 0.5336
18060000 0.508607
18090000 0.523445
18120000 0.524769
18150000 0.512273
18180000 0.529081
18210000 0.519008
18240000 0.53096
18270000 0.5227
18300000 0.508733
18330000 0.517582
18360000 0.504795
18390000 0.505988
18420000 0.525012
18450000 0.512585
18480000 0.517405
18510000 0.523438
18540000 0.512735
18570000 0.49873
18600000 0.518235
18630000 0.514833
18660000 0.54783
18690000 0.531173
18720000 0.525716
18750000 0.542944
18780000 0.53245
18810000 0.542354
18840000 0.534562
18870000 0.538322
18900000 0.543532
18930000 0.537849
18960000 0.536023
18990000 0.550085
19020000 0.5446
19050000 0.526106
19080000 0.556479
19110000 0.548217
19140000 0.531724
19170000 0.558099
19200000 0.573138
19230000 0.553415
19260000 0.529497
19290000 0.556772
19320000 0.560644
19350000 0.570037
19380000 0.551546
19410000 0.532585
19440000 0.551872
19470000 0.545859
19500000 0.558215
19530000 0.555397
19560000 0.575712
19590000 0.569159
19620000 0.569592
19650000 0.561414
19680000 0.553084
19710000 0.570247
19740000 0.548136
19770000 0.568221
19800000 0.558972
19830000 0.555673
19860000 0.568754
19890000 0.555607
19920000 0.560344
19950000 0.569151
19980000 0.568511
20010000 0.554603
20040000 0.544811
20070000 0.567735
20100000 0.575874
20130000 0.579532
20160000 0.560428
20190000 0.546065
20220000 0.549251
20250000 0.575889
20280000 0.591295
20310000 0.598282
20340000 0.591448
20370000 0.577252
20400000 0.579029
20430000 0.586773
20460000 0.603574
20490000 0.586373
20520000 0.596034
20550000 0.572523
20580000 0.578913
20610000 0.579577
20640000 0.596109
20670000 0.602498
20700000 0.613822
20730000 0.559234
20760000 0.572861
20790000 0.600016
20820000 0.637577
20850000 0.601208
20880000 0.603261
20910000 0.606556
20940000 0.621454
20970000 0.605733
21000000 0.59345
21030000 0.60014
21060000 0.61959
21090000 0.611158
21120000 0.590005
21150000 0.62692
21180000 0.606763
21210000 0.608976
21240000 0.618005
21270000 0.603421
21300000 0.648014
21330000 0.60834
21360000 0.636983
21390000 0.655555
21420000 0.655835
21450000 0.645721
21480000 0.626712
21510000 0.66437
21540000 0.63605
21570000 0.629166
21600000 0.651904
21630000 0.654143
21660000 0.667335
21690000 0.668882
21720000 0.675963
21750000 0.628593
21780000 0.659674
21810000 0.682056
21840000 0.662271
21870000 0.679109
21900000 0.660775
21930000 0.645096
21960000 0.668977
21990000 0.655073
22020000 0.683513
22050000 0.677374
22080000 0.686062
22110000 0.68112
22140000 0.691545
22170000 0.695099
22200000 0.695936
22230000 0.684945
22260000 0.689751
22290000 0.704492
22320000 0.671515
22350000 0.68848
22380000 0.715865
22410000 0.69851
22440000 0.699896
22470000 0.685392
22500000 0.70219
22530000 0.694593
22560000 0.706722
22590000 0.700105
22620000 0.678647
22650000 0.678807
22680000 0.704577
22710000 0.69713
22740000 0.719986
22770000 0.732229
22800000 0.740269
22830000 0.721163
22860000 0.724306
22890000 0.737947
22920000 0.718244
22950000 0.720308
22980000 0.730828
23010000 0.729637
23040000 0.745505
23070000 0.732945
23100000 0.715806
23130000 0.753183
23160000 0.735753
23190000 0.753428
23220000 0.710305
23250000 0.747096
23280000 0.743548
23310000 0.726772
23340000 0.761082
23370000 0.710365
23400000 0.740646
23430000 0.749887
23460000 0.715888
23490000 0.744693
23520000 0.700358
23550000 0.715434
23580000 0.755022
23610000 0.731942
23640000 0.730369
23670000 0.697989
23700000 0.731564
23730000 0.707979
23760000 0.759248
23790000 0.7517
23820000 0.761078
23850000 0.755406
23880000 0.762277
23910000 0.75831
23940000 0.790773
23970000 0.738702
24000000 0.770389
24030000 0.777222
24060000 0.771491
24090000 0.80106
24120000 0.762574
24150000 0.771564
24180000 0.809538
24210000 0.827065
24240000 0.806025
24270000 0.803046
24300000 0.786218
24330000 0.807499
24360000 0.83025
24390000 0.822286
24420000 0.824226
24450000 0.790994
24480000 0.843382
24510000 0.822841
24540000 0.8448
24570000 0.844688
24600000 0.845261
24630000 0.834485
24660000 0.861955
24690000 0.847761
24720000 0.866617
24750000 0.83702
24780000 0.853333
24810000 0.902505
24840000 0.837293
24870000 0.934985
24900000 0.85909
24930000 0.892217
24960000 0.858415
24990000 0.853028
25020000 0.892539
25050000 0.945319
25080000 0.893837
25110000 0.886999
25140000 0.888629
25170000 0.911034
25200000 0.940849
25230000 0.965561
25260000 0.834977
25290000 0.877933
25320000 0.894874
25350000 0.889526
25380000 0.926033
25410000 0.96033
25440000 0.945221
25470000 0.932652
25500000 0.954912
25530000 0.912637
25560000 0.904312
25590000 0.934913
25620000 0.929083
25650000 0.907374
25680000 0.946084
25710000 0.91767
25740000 0.908192
25770000 0.977104
25800000 0.950427
25830000 0.95371
25860000 0.929037
25890000 0.955897
25920000 0.984398
25950000 0.978421
25980000 0.932418
26010000 0.951579
26040000 0.974031
26070000 0.953465
26100000 0.965182
26130000 1.03052
26160000 1.00002
26190000 0.997529
26220000 0.999743
26250000 1.02469
26280000 0.963391
26310000 0.958394
26340000 1.01405
26370000 1.00179
26400000 0.972583
26430000 0.987614
26460000 1.03502
26490000 1.01186
26520000 0.984966
26550000 0.995974
26580000 0.989966
26610000 0.962876
26640000 0.946187
26670000 1.0202
26700000 1.00514
26730000 0.991741
26760000 1.03584
26790000 1.00526
26820000 0.991962
26850000 0.997275
26880000 1.05614
26910000 1.08387
26940000 0.987289
26970000 1.06169
27000000 1.06034
27030000 1.03155
27060000 1.06094
27090000 1.08041
27120000 0.967279
27150000 1.09478
27180000 1.03684
27210000 1.0358
27240000 1.07493
27270000 1.04462
27300000 1.03317
27330000 1.06774
27360000 1.08649
27390000 1.07626
27420000 1.10978
27450000 1.05762
27480000 1.06445
27510000 1.12643
27540000 1.06397
27570000 1.05343
27600000 1.15905
27630000 1.09619
27660000 1.11678
27690000 1.09765
27720000 1.13564
27750000 1.13454
27780000 1.0771
27810000 1.19691
27840000 1.12685
27870000 1.11938
27900000 1.11259
27930000 1.11425
27960000 1.08512
27990000 1.20247
28020000 1.22125
28050000 1.2292
28080000 1.21237
28110000 1.25706
28140000 1.18519
28170000 1.2043
28200000 1.24188
28230000 1.19627
28260000 1.24914
28290000 1.22931
28320000 1.2292
28350000 1.23429
28380000 1.25735
28410000 1.23706
28440000 1.23782
28470000 1.21526
28500000 1.20902
28530000 1.24725
28560000 1.32175
28590000 1.19351
28620000 1.31253
28650000 1.23385
28680000 1.29435
28710000 1.24053
28740000 1.29085
28770000 1.29073
28800000 1.29503
28830000 1.25011
28860000 1.31819
28890000 1.40856
28920000 1.37964
28950000 1.41111
28980000 1.53092
29010000 1.45666
29040000 1.43721
29070000 1.492
29100000 1.46302
29130000 1.37652
29160000 1.53126
29190000 1.49582
29220000 1.60841
29250000 1.61496
29280000 1.56348
29310000 1.63678
29340000 1.76334
29370000 1.7797
29400000 1.8237
29430000 1.89147
29460000 1.77214
29490000 1.93411
29520000 1.9139
29550000 1.97874
29580000 1.8068
29610000 1.89478
29640000 2.20115
29670000 2.235
29700000 1.99352
29730000 2.32819
29760000 2.42386
29790000 2.26109
29820000 2.46744
29850000 2.46054
29880000 2.73281
29910000 2.7054
29940000 3.18697
29970000 3.51642
30000000 3.15353
30030000 3.95247
30060000 4.5571
30090000 4.15839
30120000 4.31556
30150000 5.05155
30180000 5.88376
30210000 6.58447
30240000 7.35058
30270000 9.24307
30300000 11.4737
30330000 13.4401
30360000 18.0814
30390000 26.9253
30420000 41.1208
