0 733.945
Inter 0.254964
30000 212.17
60000 73.3519
90000 43.5373
120000 31.5342
150000 24.8814
180000 20.907
210000 17.8345
240000 15.7497
270000 14.634
300000 13.2891
330000 12.2582
360000 11.6078
390000 10.8477
420000 10.4079
450000 9.86765
480000 9.43148
510000 9.12564
540000 8.72597
570000 8.44684
600000 8.04309
630000 7.79071
660000 7.54383
690000 7.43978
720000 7.27653
750000 7.13701
780000 6.84903
810000 6.70735
840000 6.62679
870000 6.43824
900000 6.30468
930000 6.11517
960000 6.07197
990000 5.9886
1020000 5.86915
1050000 5.72896
1080000 5.63094
1110000 5.54447
1140000 5.46037
1170000 5.26953
1200000 5.2512
1230000 5.18814
1260000 5.06967
1290000 5.02298
1320000 4.94714
1350000 4.86534
1380000 4.78951
1410000 4.73418
1440000 4.68006
1470000 4.64952
1500000 4.59827
1530000 4.50471
1560000 4.47104
1590000 4.46108
1620000 4.38333
1650000 4.2729
1680000 4.22985
1710000 4.14955
1740000 4.16531
1770000 4.07131
1800000 3.94851
1830000 3.87371
1860000 3.90548
1890000 3.89738
1920000 3.76778
1950000 3.76589
1980000 3.69267
2010000 3.65516
2040000 3.58794
2070000 3.61856
2100000 3.47241
2130000 3.46055
2160000 3.38689
2190000 3.36365
2220000 3.3492
2250000 3.29484
2280000 3.29364
2310000 3.2149
2340000 3.24619
2370000 3.15391
2400000 3.1441
2430000 3.12214
2460000 3.06514
2490000 3.04017
2520000 2.93584
2550000 2.97653
2580000 2.92315
2610000 2.83919
2640000 2.79036
2670000 2.80448
2700000 2.76301
2730000 2.76834
2760000 2.71237
2790000 2.6969
2820000 2.79372
2850000 2.68619
2880000 2.62448
2910000 2.53936
2940000 2.61767
2970000 2.55221
3000000 2.49154
3030000 2.41827
3060000 2.44284
3090000 2.3487
3120000 2.43635
3150000 2.35062
3180000 2.3037
3210000 2.29882
3240000 2.28782
3270000 2.23013
3300000 2.23175
3330000 2.20128
3360000 2.16046
3390000 2.11902
3420000 2.09804
3450000 2.10014
3480000 2.08943
3510000 2.01423
3540000 2.01765
3570000 1.98379
3600000 1.98847
3630000 1.95997
3660000 1.91501
3690000 1.95032
3720000 1.87048
3750000 1.83246
3780000 1.77719
3810000 1.81727
3840000 1.78906
3870000 1.7628
3900000 1.76573
3930000 1.71863
3960000 1.7788
3990000 1.68614
4020000 1.67454
4050000 1.60908
4080000 1.59715
4110000 1.61821
4140000 1.54555
4170000 1.50418
4200000 1.5519
4230000 1.50676
4260000 1.48013
4290000 1.52042
4320000 1.4574
4350000 1.41057
4380000 1.37328
4410000 1.37806
4440000 1.39381
4470000 1.35657
4500000 1.41261
4530000 1.32719
4560000 1.3175
4590000 1.28801
4620000 1.24499
4650000 1.309
4680000 1.19126
4710000 1.19238
4740000 1.25081
4770000 1.23824
4800000 1.17919
4830000 1.17307
4860000 1.16827
4890000 1.15008
4920000 1.16955
4950000 1.18053
4980000 1.12357
5010000 1.11457
5040000 1.11665
5070000 1.10262
5100000 1.08494
5130000 1.06066
5160000 1.04985
5190000 1.05638
5220000 1.0843
5250000 1.08255
5280000 1.02743
5310000 1.02408
5340000 0.989926
5370000 0.977722
5400000 0.957237
5430000 0.964851
5460000 0.975226
5490000 0.915777
5520000 0.937507
5550000 0.931334
5580000 0.930054
5610000 0.901815
5640000 0.889645
5670000 0.909724
5700000 0.93743
5730000 0.932924
5760000 0.885407
5790000 0.891995
5820000 0.848278
5850000 0.832558
5880000 0.866642
5910000 0.829662
5940000 0.811032
5970000 0.784292
6000000 0.83082
6030000 0.834842
6060000 0.815241
6090000 0.816271
6120000 0.795433
6150000 0.786508
6180000 0.738873
6210000 0.72645
6240000 0.762328
6270000 0.737593
6300000 0.759858
6330000 0.731608
6360000 0.764398
6390000 0.732355
6420000 0.7144
6450000 0.750343
6480000 0.73903
6510000 0.695167
6540000 0.719576
6570000 0.728068
6600000 0.670259
6630000 0.671249
6660000 0.69513
6690000 0.68132
6720000 0.69525
6750000 0.655371
6780000 0.642946
6810000 0.637606
6840000 0.65766
6870000 0.659875
6900000 0.652354
6930000 0.632013
6960000 0.61102
6990000 0.643547
7020000 0.610716
7050000 0.598782
7080000 0.588058
7110000 0.613148
7140000 0.585935
7170000 0.573307
7200000 0.586277
7230000 0.569304
7260000 0.569818
7290000 0.555536
7320000 0.559783
7350000 0.527447
7380000 0.547848
7410000 0.555736
7440000 0.574472
7470000 0.550274
7500000 0.548312
7530000 0.550096
7560000 0.524837
7590000 0.52985
7620000 0.52794
7650000 0.512464
7680000 0.543291
7710000 0.528713
7740000 0.545509
7770000 0.543406
7800000 0.531128
7830000 0.527438
7860000 0.514527
7890000 0.520794
7920000 0.526073
7950000 0.503639
7980000 0.500603
8010000 0.491567
8040000 0.499047
8070000 0.502703
8100000 0.494434
8130000 0.493618
8160000 0.473755
8190000 0.470344
8220000 0.468916
8250000 0.47389
8280000 0.47937
8310000 0.44908
8340000 0.459795
8370000 0.456487
8400000 0.454812
8430000 0.44477
8460000 0.454509
8490000 0.439374
8520000 0.434461
8550000 0.444974
8580000 0.434743
8610000 0.455255
8640000 0.464772
8670000 0.462262
8700000 0.439278
8730000 0.449224
8760000 0.442848
8790000 0.430825
8820000 0.446551
8850000 0.437327
8880000 0.437862
8910000 0.43754
8940000 0.425934
8970000 0.444756
9000000 0.434764
9030000 0.436361
9060000 0.412118
9090000 0.434308
9120000 0.408027
9150000 0.422697
9180000 0.423113
9210000 0.410316
9240000 0.435469
9270000 0.409028
9300000 0.42741
9330000 0.427212
9360000 0.428354
9390000 0.44851
9420000 0.438335
9450000 0.420487
9480000 0.403838
9510000 0.420832
9540000 0.445389
9570000 0.416334
9600000 0.39969
9630000 0.425514
9660000 0.409837
9690000 0.397281
9720000 0.411562
9750000 0.394035
9780000 0.406485
9810000 0.393733
9840000 0.413655
9870000 0.406225
9900000 0.401628
9930000 0.384813
9960000 0.38429
9990000 0.416999
10020000 0.380752
10050000 0.391949
10080000 0.379981
10110000 0.391521
10140000 0.37002
10170000 0.400721
10200000 0.391292
10230000 0.409768
10260000 0.401481
10290000 0.396753
10320000 0.38473
10350000 0.386791
10380000 0.388513
10410000 0.395261
10440000 0.386266
10470000 0.397999
10500000 0.370982
10530000 0.392224
10560000 0.403589
10590000 0.381268
10620000 0.400763
10650000 0.410807
10680000 0.378014
10710000 0.391883
10740000 0.374367
10770000 0.378327
10800000 0.368306
10830000 0.387014
10860000 0.372397
10890000 0.397343
10920000 0.397976
10950000 0.367632
10980000 0.366109
11010000 0.375925
11040000 0.375741
11070000 0.360951
11100000 0.391136
11130000 0.374531
11160000 0.360418
11190000 0.358008
11220000 0.378047
11250000 0.373334
11280000 0.382908
11310000 0.378
11340000 0.365625
11370000 0.387998
11400000 0.397458
11430000 0.395358
11460000 0.384942
11490000 0.385479
11520000 0.402054
11550000 0.405095
11580000 0.375463
11610000 0.370255
11640000 0.393015
11670000 0.395848
11700000 0.387483
11730000 0.38115
11760000 0.41211
11790000 0.378171
11820000 0.394107
11850000 0.365111
11880000 0.379489
11910000 0.380869
11940000 0.383833
11970000 0.386701
12000000 0.393471
12030000 0.396516
12060000 0.39457
12090000 0.38819
12120000 0.378837
12150000 0.384475
12180000 0.392795
12210000 0.424154
12240000 0.372556
12270000 0.372432
12300000 0.388427
12330000 0.388773
12360000 0.380165
12390000 0.416545
12420000 0.397335
12450000 0.425506
12480000 0.419542
12510000 0.419474
12540000 0.439471
12570000 0.38662
12600000 0.405384
12630000 0.411819
12660000 0.406378
12690000 0.439154
12720000 0.43426
12750000 0.415495
12780000 0.459457
12810000 0.41528
12840000 0.434454
12870000 0.438193
12900000 0.45018
12930000 0.44635
12960000 0.43831
12990000 0.440735
13020000 0.476674
13050000 0.440772
13080000 0.456713
13110000 0.457786
13140000 0.417035
13170000 0.479587
13200000 0.491522
13230000 0.479161
13260000 0.464077
13290000 0.471361
13320000 0.482252
13350000 0.47193
13380000 0.439205
13410000 0.503764
13440000 0.487221
13470000 0.494641
13500000 0.507972
13530000 0.474495
13560000 0.46219
13590000 0.504335
13620000 0.493227
13650000 0.497046
13680000 0.475576
13710000 0.486823
13740000 0.491997
13770000 0.526264
13800000 0.474982
13830000 0.490159
13860000 0.538366
13890000 0.455774
13920000 0.481846
13950000 0.483314
13980000 0.499925
14010000 0.468461
14040000 0.494694
14070000 0.514073
14100000 0.494945
14130000 0.497883
14160000 0.52799
14190000 0.50675
14220000 0.502046
14250000 0.506612
14280000 0.488565
14310000 0.537657
14340000 0.536198
14370000 0.548588
14400000 0.538747
14430000 0.54779
14460000 0.534329
14490000 0.561089
14520000 0.528099
14550000 0.573348
14580000 0.540487
14610000 0.533803
14640000 0.556878
14670000 0.565141
14700000 0.587257
14730000 0.547372
14760000 0.590263
14790000 0.560255
14820000 0.602144
14850000 0.536654
14880000 0.609563
14910000 0.54839
14940000 0.593657
14970000 0.555354
15000000 0.570196
15030000 0.594159
15060000 0.578475
15090000 0.573381
15120000 0.575545
15150000 0.571738
15180000 0.63725
15210000 0.582418
15240000 0.571407
15270000 0.598466
15300000 0.572036
15330000 0.588624
15360000 0.608918
15390000 0.607036
15420000 0.602401
15450000 0.585327
15480000 0.566622
15510000 0.62534
15540000 0.593122
15570000 0.580736
15600000 0.618176
15630000 0.57902
15660000 0.618824
15690000 0.596046
15720000 0.627857
15750000 0.633666
15780000 0.675424
15810000 0.614501
15840000 0.627509
15870000 0.619453
15900000 0.688156
15930000 0.627233
15960000 0.677404
15990000 0.667544
16020000 0.712182
16050000 0.699414
16080000 0.701766
16110000 0.634763
16140000 0.645854
16170000 0.683094
16200000 0.678613
16230000 0.707111
16260000 0.684678
16290000 0.678894
16320000 0.655631
16350000 0.698
16380000 0.680068
16410000 0.692688
16440000 0.694223
16470000 0.693488
16500000 0.676827
16530000 0.672652
16560000 0.670338
16590000 0.742611
16620000 0.70151
16650000 0.728748
16680000 0.751806
16710000 0.729469
16740000 0.723911
16770000 0.728963
16800000 0.719629
16830000 0.683791
16860000 0.701745
16890000 0.751066
16920000 0.71443
16950000 0.70013
16980000 0.705801
17010000 0.7493
17040000 0.742439
17070000 0.735731
17100000 0.745173
17130000 0.715806
17160000 0.743148
17190000 0.786856
17220000 0.74076
17250000 0.677499
17280000 0.724896
17310000 0.713099
17340000 0.714819
17370000 0.740143
17400000 0.716996
17430000 0.737371
17460000 0.760857
17490000 0.750418
17520000 0.725339
17550000 0.806217
17580000 0.766764
17610000 0.751418
17640000 0.74643
17670000 0.748164
17700000 0.753205
17730000 0.768337
17760000 0.756221
17790000 0.757802
17820000 0.783542
17850000 0.783765
17880000 0.802812
17910000 0.765088
17940000 0.820236
17970000 0.772437
18000000 0.80692
18030000 0.820249
18060000 0.772073
18090000 0.797796
18120000 0.812169
18150000 0.822665
18180000 0.835431
18210000 0.870244
18240000 0.807152
18270000 0.844308
18300000 0.817726
18330000 0.790792
18360000 0.886169
18390000 0.757837
18420000 0.856879
18450000 0.846485
18480000 0.841714
18510000 0.829505
18540000 0.842348
18570000 0.862859
18600000 0.8659
18630000 0.858972
18660000 0.862834
18690000 0.875249
18720000 0.891018
18750000 0.827267
18780000 0.831883
18810000 0.894178
18840000 0.796223
18870000 0.917272
18900000 0.896132
18930000 0.88129
18960000 0.868152
18990000 0.890307
19020000 0.916233
19050000 0.871938
19080000 0.93788
19110000 0.946036
19140000 0.893664
19170000 0.870747
19200000 0.915539
19230000 0.946712
19260000 0.963652
19290000 0.935862
19320000 0.986977
19350000 0.919078
19380000 0.976278
19410000 1.0014
19440000 0.955821
19470000 0.95079
19500000 0.995404
19530000 0.931541
19560000 0.983708
19590000 0.999885
19620000 0.952757
19650000 1.0468
19680000 0.998584
19710000 0.945648
19740000 0.946577
19770000 1.00006
19800000 0.981332
19830000 0.948004
19860000 0.984741
19890000 1.00404
19920000 1.00055
19950000 0.938932
19980000 0.975394
20010000 0.955972
20040000 0.982101
20070000 1.03396
20100000 0.950403
20130000 1.03566
20160000 0.904419
20190000 0.912954
20220000 1.00614
20250000 0.976872
20280000 0.988486
20310000 0.986156
20340000 0.974869
20370000 0.999687
20400000 1.04134
20430000 1.0747
20460000 1.03612
20490000 1.10317
20520000 1.0773
20550000 1.11032
20580000 1.10698
20610000 1.10803
20640000 1.15077
20670000 1.05678
20700000 1.1723
20730000 1.11878
20760000 1.07258
20790000 1.09564
20820000 1.07016
20850000 1.12029
20880000 1.09153
20910000 1.0837
20940000 1.057
20970000 1.08161
21000000 1.04621
21030000 1.06153
21060000 1.1406
21090000 1.04042
21120000 0.99311
21150000 0.952333
21180000 0.990322
21210000 0.977786
21240000 1.03746
21270000 1.03395
21300000 0.969219
21330000 1.07764
21360000 1.13788
21390000 1.03758
21420000 0.994673
21450000 0.980504
21480000 1.05716
21510000 1.08596
21540000 1.13925
21570000 1.08213
21600000 1.02876
21630000 1.06028
21660000 1.10018
21690000 0.998974
21720000 1.08926
21750000 1.10438
21780000 1.0685
21810000 1.15532
21840000 1.157
21870000 1.24486
21900000 1.12151
21930000 1.19409
21960000 1.17023
21990000 1.16228
22020000 1.19991
22050000 1.25533
22080000 1.32186
22110000 1.3343
22140000 1.20168
22170000 1.26009
22200000 1.20782
22230000 1.30944
22260000 1.45826
22290000 1.25189
22320000 1.43231
22350000 1.34447
22380000 1.518
22410000 1.49446
22440000 1.49375
22470000 1.44855
22500000 1.55409
22530000 1.49699
22560000 1.60202
22590000 1.65412
22620000 1.79995
22650000 1.74018
22680000 1.96369
22710000 1.95573
22740000 1.97465
22770000 2.15296
22800000 2.22243
22830000 2.06172
22860000 2.52547
22890000 2.51205
22920000 2.80377
22950000 2.75445
22980000 3.15113
23010000 2.87474
23040000 3.35145
23070000 3.39726
23100000 3.88014
23130000 4.29703
23160000 4.95608
23190000 4.99523
23220000 5.48395
23250000 6.60017
23280000 7.07308
23310000 10.3373
23340000 12.323
23370000 16.8822
23400000 25.8439
23430000 59.5529
