0 736.381
Inter 0.250764
30000 213.147
60000 71.8421
90000 41.7898
120000 29.5113
150000 23.2529
180000 19.1461
210000 16.3388
240000 14.6029
270000 13.1774
300000 12.0927
330000 11.1301
360000 10.4749
390000 9.79368
420000 9.30555
450000 8.76619
480000 8.47559
510000 8.06431
540000 7.72634
570000 7.53355
600000 7.28517
630000 7.02354
660000 6.83117
690000 6.65044
720000 6.36312
750000 6.26115
780000 6.19786
810000 5.99849
840000 5.82235
870000 5.73377
900000 5.57537
930000 5.57319
960000 5.43693
990000 5.26813
1020000 5.18095
1050000 5.09043
1080000 5.07293
1110000 4.91862
1140000 4.87313
1170000 4.65802
1200000 4.6994
1230000 4.7522
1260000 4.6403
1290000 4.61085
1320000 4.4965
1350000 4.41782
1380000 4.45332
1410000 4.33661
1440000 4.20762
1470000 4.21029
1500000 4.14701
1530000 4.13742
1560000 4.02878
1590000 4.05912
1620000 4.02581
1650000 3.93372
1680000 3.92692
1710000 3.93276
1740000 3.8345
1770000 3.72335
1800000 3.72368
1830000 3.66999
1860000 3.67525
1890000 3.66254
1920000 3.60023
1950000 3.5905
1980000 3.5835
2010000 3.52689
2040000 3.46089
2070000 3.46449
2100000 3.42246
2130000 3.41733
2160000 3.38807
2190000 3.26775
2220000 3.29422
2250000 3.28171
2280000 3.21244
2310000 3.20862
2340000 3.18283
2370000 3.13626
2400000 3.17001
2430000 3.09901
2460000 3.05907
2490000 3.04304
2520000 2.97149
2550000 2.93769
2580000 2.94773
2610000 2.90385
2640000 2.95168
2670000 2.92793
2700000 2.87289
2730000 2.8559
2760000 2.74233
2790000 2.77874
2820000 2.79088
2850000 2.7592
2880000 2.66177
2910000 2.67806
2940000 2.63281
2970000 2.59701
3000000 2.54963
3030000 2.56283
3060000 2.61337
3090000 2.53474
3120000 2.53747
3150000 2.44908
3180000 2.45333
3210000 2.39551
3240000 2.39619
3270000 2.401
3300000 2.33001
3330000 2.29847
3360000 2.24352
3390000 2.28641
3420000 2.23213
3450000 2.20213
3480000 2.17382
3510000 2.20364
3540000 2.14513
3570000 2.16425
3600000 2.1447
3630000 2.14407
3660000 2.10732
3690000 2.0886
3720000 2.09908
3750000 2.03691
3780000 2.08907
3810000 2.04655
3840000 1.99823
3870000 1.97853
3900000 2.02438
3930000 1.99513
3960000 1.95093
3990000 1.92007
4020000 1.90158
4050000 1.8767
4080000 1.85034
4110000 1.84641
4140000 1.78701
4170000 1.77139
4200000 1.79436
4230000 1.73855
4260000 1.7411
4290000 1.71897
4320000 1.69936
4350000 1.68172
4380000 1.70695
4410000 1.66425
4440000 1.70267
4470000 1.66029
4500000 1.59177
4530000 1.60494
4560000 1.65171
4590000 1.62065
4620000 1.55167
4650000 1.57691
4680000 1.54781
4710000 1.57346
4740000 1.53057
4770000 1.46816
4800000 1.48014
4830000 1.48901
4860000 1.48422
4890000 1.47831
4920000 1.4657
4950000 1.46364
4980000 1.46027
5010000 1.46564
5040000 1.43965
5070000 1.44062
5100000 1.40619
5130000 1.43633
5160000 1.38729
5190000 1.3575
5220000 1.39616
5250000 1.37877
5280000 1.41536
5310000 1.33029
5340000 1.32278
5370000 1.40121
5400000 1.31699
5430000 1.28697
5460000 1.35159
5490000 1.29822
5520000 1.31445
5550000 1.27827
5580000 1.26636
5610000 1.26228
5640000 1.24856
5670000 1.23427
5700000 1.18576
5730000 1.19475
5760000 1.12926
5790000 1.19509
5820000 1.16199
5850000 1.19201
5880000 1.13698
5910000 1.16672
5940000 1.165
5970000 1.11713
6000000 1.10262
6030000 1.11854
6060000 1.11159
6090000 1.12894
6120000 1.08113
6150000 1.07424
6180000 1.06379
6210000 1.06717
6240000 1.05221
6270000 1.0456
6300000 1.06832
6330000 1.05169
6360000 1.03374
6390000 1.01963
6420000 1.02817
6450000 0.969447
6480000 1.03529
6510000 0.984342
6540000 0.983556
6570000 0.98691
6600000 0.966519
6630000 0.946933
6660000 0.961888
6690000 0.901937
6720000 0.937671
6750000 0.880136
6780000 0.909632
6810000 0.905562
6840000 0.882778
6870000 0.874321
6900000 0.902357
6930000 0.844619
6960000 0.887536
6990000 0.860088
7020000 0.88244
7050000 0.851081
7080000 0.885624
7110000 0.855187
7140000 0.85437
7170000 0.827645
7200000 0.816254
7230000 0.811504
7260000 0.793786
7290000 0.806256
7320000 0.802416
7350000 0.810323
7380000 0.807203
7410000 0.817746
7440000 0.806449
7470000 0.780465
7500000 0.788938
7530000 0.802538
7560000 0.787796
7590000 0.769516
7620000 0.764759
7650000 0.771559
7680000 0.778514
7710000 0.749162
7740000 0.740554
7770000 0.745297
7800000 0.723759
7830000 0.728363
7860000 0.742711
7890000 0.735661
7920000 0.700239
7950000 0.713179
7980000 0.745723
8010000 0.726814
8040000 0.70167
8070000 0.7115
8100000 0.697551
8130000 0.682084
8160000 0.701874
8190000 0.682447
8220000 0.680324
8250000 0.705467
8280000 0.699971
8310000 0.66519
8340000 0.692931
8370000 0.664221
8400000 0.652833
8430000 0.673629
8460000 0.64825
8490000 0.645957
8520000 0.631595
8550000 0.641123
8580000 0.625979
8610000 0.657113
8640000 0.634497
8670000 0.639403
8700000 0.633975
8730000 0.630435
8760000 0.627135
8790000 0.652876
8820000 0.59272
8850000 0.630712
8880000 0.609513
8910000 0.602605
8940000 0.60893
8970000 0.610542
9000000 0.61473
9030000 0.590787
9060000 0.603476
9090000 0.61523
9120000 0.558521
9150000 0.591388
9180000 0.581379
9210000 0.581755
9240000 0.575614
9270000 0.580073
9300000 0.556093
9330000 0.593173
9360000 0.570271
9390000 0.573157
9420000 0.559347
9450000 0.539724
9480000 0.542751
9510000 0.557243
9540000 0.543115
9570000 0.523759
9600000 0.544495
9630000 0.522223
9660000 0.520832
9690000 0.529682
9720000 0.525744
9750000 0.502761
9780000 0.482296
9810000 0.505875
9840000 0.519644
9870000 0.514155
9900000 0.511271
9930000 0.500274
9960000 0.499421
9990000 0.478942
10020000 0.473746
10050000 0.492683
10080000 0.459875
10110000 0.471631
10140000 0.471632
10170000 0.48155
10200000 0.474044
10230000 0.478646
10260000 0.467215
10290000 0.456066
10320000 0.470504
10350000 0.471499
10380000 0.47087
10410000 0.483025
10440000 0.443314
10470000 0.474307
10500000 0.442757
10530000 0.439169
10560000 0.452924
10590000 0.425846
10620000 0.434243
10650000 0.421838
10680000 0.411971
10710000 0.414058
10740000 0.393727
10770000 0.419137
10800000 0.424793
10830000 0.418009
10860000 0.381068
10890000 0.415461
10920000 0.402997
10950000 0.419983
10980000 0.412746
11010000 0.412736
11040000 0.431317
11070000 0.416351
11100000 0.422474
11130000 0.421265
11160000 0.408136
11190000 0.434628
11220000 0.392225
11250000 0.418247
11280000 0.416356
11310000 0.405483
11340000 0.400487
11370000 0.393572
11400000 0.392134
11430000 0.38719
11460000 0.395217
11490000 0.40504
11520000 0.382872
11550000 0.398493
11580000 0.402451
11610000 0.393528
11640000 0.399235
11670000 0.400386
11700000 0.386057
11730000 0.384992
11760000 0.397777
11790000 0.387387
11820000 0.396359
11850000 0.361056
11880000 0.388008
11910000 0.373906
11940000 0.376566
11970000 0.386918
12000000 0.381751
12030000 0.36664
12060000 0.370922
12090000 0.38436
12120000 0.345604
12150000 0.362237
12180000 0.348335
12210000 0.358421
12240000 0.34959
12270000 0.371018
12300000 0.341196
12330000 0.356147
12360000 0.335522
12390000 0.358509
12420000 0.356393
12450000 0.340137
12480000 0.355039
12510000 0.332408
12540000 0.335119
12570000 0.335693
12600000 0.339274
12630000 0.321083
12660000 0.334728
12690000 0.354871
12720000 0.362122
12750000 0.359245
12780000 0.336032
12810000 0.351919
12840000 0.332673
12870000 0.349647
12900000 0.335353
12930000 0.355721
12960000 0.350519
12990000 0.333935
13020000 0.343429
13050000 0.325327
13080000 0.341498
13110000 0.347714
13140000 0.316013
13170000 0.354872
13200000 0.318773
13230000 0.331999
13260000 0.328249
13290000 0.320311
13320000 0.312831
13350000 0.323967
13380000 0.316936
13410000 0.343284
13440000 0.347394
13470000 0.326826
13500000 0.324611
13530000 0.339416
13560000 0.32624
13590000 0.330611
13620000 0.321178
13650000 0.344022
13680000 0.325963
13710000 0.310717
13740000 0.332927
13770000 0.324163
13800000 0.327046
13830000 0.331234
13860000 0.307971
13890000 0.342327
13920000 0.345275
13950000 0.328407
13980000 0.334969
14010000 0.355713
14040000 0.336954
14070000 0.338672
14100000 0.332566
14130000 0.334541
14160000 0.317082
14190000 0.319804
14220000 0.3614
14250000 0.341561
14280000 0.330935
14310000 0.338666
14340000 0.344367
14370000 0.338651
14400000 0.347098
14430000 0.334449
14460000 0.328525
14490000 0.353417
14520000 0.332777
14550000 0.36178
14580000 0.346742
14610000 0.357348
14640000 0.339059
14670000 0.353541
14700000 0.35585
14730000 0.352074
14760000 0.356249
14790000 0.353697
14820000 0.329778
14850000 0.339077
14880000 0.331878
14910000 0.345687
14940000 0.36197
14970000 0.35566
15000000 0.342528
15030000 0.357896
15060000 0.360376
15090000 0.347631
15120000 0.335684
15150000 0.38503
15180000 0.370857
15210000 0.36366
15240000 0.348031
15270000 0.37609
15300000 0.363859
15330000 0.341436
15360000 0.349561
15390000 0.338272
15420000 0.354797
15450000 0.352787
15480000 0.335809
15510000 0.378136
15540000 0.355183
15570000 0.335208
15600000 0.35563
15630000 0.360865
15660000 0.364767
15690000 0.370242
15720000 0.362183
15750000 0.363705
15780000 0.346401
15810000 0.362244
15840000 0.345294
15870000 0.361456
15900000 0.353585
15930000 0.368479
15960000 0.358868
15990000 0.368197
16020000 0.371295
16050000 0.363286
16080000 0.379229
16110000 0.357002
16140000 0.378098
16170000 0.357437
16200000 0.355836
16230000 0.358801
16260000 0.379416
16290000 0.37432
16320000 0.35011
16350000 0.381337
16380000 0.39145
16410000 0.370811
16440000 0.398953
16470000 0.382024
16500000 0.379285
16530000 0.38649
16560000 0.385867
16590000 0.396994
16620000 0.390111
16650000 0.385533
16680000 0.393224
16710000 0.379471
16740000 0.379876
16770000 0.373237
16800000 0.379993
16830000 0.381001
16860000 0.374593
16890000 0.387181
16920000 0.384707
16950000 0.374192
16980000 0.384659
17010000 0.390696
17040000 0.402107
17070000 0.394474
17100000 0.388972
17130000 0.37906
17160000 0.389006
17190000 0.383063
17220000 0.388162
17250000 0.357538
17280000 0.397348
17310000 0.390492
17340000 0.418032
17370000 0.38779
17400000 0.396938
17430000 0.392339
17460000 0.399917
17490000 0.393892
17520000 0.382482
17550000 0.389575
17580000 0.394614
17610000 0.383393
17640000 0.401948
17670000 0.38952
17700000 0.396017
17730000 0.389928
17760000 0.410751
17790000 0.3994
17820000 0.4161
17850000 0.401048
17880000 0.391524
17910000 0.40808
17940000 0.408965
17970000 0.423942
18000000 0.396111
18030000 0.372513
18060000 0.39817
18090000 0.407046
18120000 0.407443
18150000 0.380018
18180000 0.411538
18210000 0.422564
18240000 0.441461
18270000 0.396834
18300000 0.397934
18330000 0.414096
18360000 0.369067
18390000 0.35994
18420000 0.415276
18450000 0.383271
18480000 0.397138
18510000 0.406865
18540000 0.381572
18570000 0.399467
18600000 0.397908
18630000 0.391703
18660000 0.395018
18690000 0.417112
18720000 0.399954
18750000 0.417544
18780000 0.412184
18810000 0.422542
18840000 0.421614
18870000 0.413353
18900000 0.41036
18930000 0.408937
18960000 0.409246
18990000 0.423635
19020000 0.4095
19050000 0.412849
19080000 0.43941
19110000 0.444582
19140000 0.398636
19170000 0.398517
19200000 0.413382
19230000 0.43062
19260000 0.404906
19290000 0.435878
19320000 0.428028
19350000 0.427021
19380000 0.424383
19410000 0.402929
19440000 0.412284
19470000 0.440578
19500000 0.426356
19530000 0.450714
19560000 0.430007
19590000 0.425883
19620000 0.448424
19650000 0.44578
19680000 0.422611
19710000 0.468386
19740000 0.430431
19770000 0.444368
19800000 0.426063
19830000 0.44006
19860000 0.440507
19890000 0.433302
19920000 0.433303
19950000 0.437013
19980000 0.428414
20010000 0.44235
20040000 0.456962
20070000 0.445105
20100000 0.451053
20130000 0.443021
20160000 0.409329
20190000 0.414308
20220000 0.422985
20250000 0.44082
20280000 0.460981
20310000 0.449232
20340000 0.454237
20370000 0.432912
20400000 0.440177
20430000 0.442099
20460000 0.479828
20490000 0.456099
20520000 0.43844
20550000 0.442516
20580000 0.447485
20610000 0.452642
20640000 0.442481
20670000 0.437868
20700000 0.474886
20730000 0.438904
20760000 0.440912
20790000 0.440013
20820000 0.461389
20850000 0.450321
20880000 0.45732
20910000 0.468667
20940000 0.479597
20970000 0.46454
21000000 0.47211
21030000 0.455028
21060000 0.46828
21090000 0.491381
21120000 0.444046
21150000 0.502827
21180000 0.467898
21210000 0.455781
21240000 0.478705
21270000 0.489929
21300000 0.491103
21330000 0.483728
21360000 0.504088
21390000 0.502141
21420000 0.50854
21450000 0.505846
21480000 0.477289
21510000 0.524882
21540000 0.502498
21570000 0.503606
21600000 0.513383
21630000 0.549531
21660000 0.50597
21690000 0.524658
21720000 0.526573
21750000 0.512405
21780000 0.525155
21810000 0.552422
21840000 0.537039
21870000 0.524532
21900000 0.528192
21930000 0.518901
21960000 0.545773
21990000 0.520457
22020000 0.566002
22050000 0.528073
22080000 0.55496
22110000 0.531762
22140000 0.548732
22170000 0.571232
22200000 0.550625
22230000 0.550203
22260000 0.583705
22290000 0.572251
22320000 0.531608
22350000 0.545465
22380000 0.54542
22410000 0.559937
22440000 0.550649
22470000 0.526212
22500000 0.532564
22530000 0.565287
22560000 0.584248
22590000 0.57812
22620000 0.569897
22650000 0.536463
22680000 0.584366
22710000 0.580564
22740000 0.583489
22770000 0.635926
22800000 0.606206
22830000 0.613325
22860000 0.599619
22890000 0.60934
22920000 0.615405
22950000 0.605823
22980000 0.641966
23010000 0.624033
23040000 0.656766
23070000 0.598953
23100000 0.584
23130000 0.634808
23160000 0.612738
23190000 0.626286
23220000 0.648475
23250000 0.642694
23280000 0.634902
23310000 0.615052
23340000 0.634385
23370000 0.636156
23400000 0.627657
23430000 0.674575
23460000 0.642259
23490000 0.65305
23520000 0.661723
23550000 0.590466
23580000 0.633885
23610000 0.636071
23640000 0.626774
23670000 0.613083
23700000 0.652302
23730000 0.598539
23760000 0.682937
23790000 0.686514
23820000 0.669496
23850000 0.659455
23880000 0.711545
23910000 0.658495
23940000 0.704441
23970000 0.672629
24000000 0.704684
24030000 0.679336
24060000 0.71441
24090000 0.745675
24120000 0.693395
24150000 0.670829
24180000 0.741083
24210000 0.764463
24240000 0.709723
24270000 0.72654
24300000 0.724195
24330000 0.746722
24360000 0.700458
24390000 0.75071
24420000 0.738628
24450000 0.733053
24480000 0.742653
24510000 0.765051
24540000 0.770661
24570000 0.755192
24600000 0.762115
24630000 0.75614
24660000 0.772369
24690000 0.800582
24720000 0.728564
24750000 0.751605
24780000 0.790246
24810000 0.813531
24840000 0.754761
24870000 0.855691
24900000 0.812246
24930000 0.811348
24960000 0.772189
24990000 0.821203
25020000 0.771517
25050000 0.865932
25080000 0.79075
25110000 0.808427
25140000 0.784105
25170000 0.782368
25200000 0.836159
25230000 0.877736
25260000 0.786395
25290000 0.820372
25320000 0.788297
25350000 0.835862
25380000 0.789412
25410000 0.847908
25440000 0.836457
25470000 0.853334
25500000 0.900812
25530000 0.851209
25560000 0.806466
25590000 0.826441
25620000 0.847712
25650000 0.838357
25680000 0.843014
25710000 0.851087
25740000 0.831441
25770000 0.893304
25800000 0.884455
25830000 0.859498
25860000 0.871792
25890000 0.864457
25920000 0.917742
25950000 0.903125
25980000 0.869657
26010000 0.890467
26040000 0.886691
26070000 0.831522
26100000 0.897001
26130000 0.909417
26160000 0.948315
26190000 0.939038
26220000 0.932601
26250000 0.945095
26280000 0.90221
26310000 0.874672
26340000 0.989145
26370000 0.970094
26400000 0.932947
26430000 0.96303
26460000 0.959927
26490000 0.972211
26520000 0.942958
26550000 0.96069
26580000 0.954714
26610000 0.940084
26640000 0.924987
26670000 0.980043
26700000 0.965401
26730000 0.968256
26760000 1.02419
26790000 1.00195
26820000 0.978759
26850000 0.990458
26880000 1.05332
26910000 1.08387
26940000 0.990609
26970000 1.06292
27000000 1.06034
27030000 1.03155
27060000 1.06094
27090000 1.08041
27120000 0.967279
27150000 1.09478
27180000 1.03684
27210000 1.0358
27240000 1.07493
27270000 1.04462
27300000 1.03317
27330000 1.06774
27360000 1.08649
27390000 1.07626
27420000 1.10978
27450000 1.05762
27480000 1.06445
27510000 1.12643
27540000 1.06397
27570000 1.05343
27600000 1.15905
27630000 1.09619
27660000 1.11678
27690000 1.09765
27720000 1.13564
27750000 1.13454
27780000 1.0771
27810000 1.19691
27840000 1.12685
27870000 1.11938
27900000 1.11259
27930000 1.11425
27960000 1.08512
27990000 1.20247
28020000 1.22125
28050000 1.2292
28080000 1.21237
28110000 1.25706
28140000 1.18519
28170000 1.2043
28200000 1.24188
28230000 1.19627
28260000 1.24914
28290000 1.22931
28320000 1.2292
28350000 1.23429
28380000 1.25735
28410000 1.23706
28440000 1.23782
28470000 1.21526
28500000 1.20902
28530000 1.24725
28560000 1.32175
28590000 1.19351
28620000 1.31253
28650000 1.23385
28680000 1.29435
28710000 1.24053
28740000 1.29085
28770000 1.29073
28800000 1.29503
28830000 1.25011
28860000 1.31819
28890000 1.40856
28920000 1.37964
28950000 1.41111
28980000 1.53092
29010000 1.45666
29040000 1.43721
29070000 1.492
29100000 1.46302
29130000 1.37652
29160000 1.53126
29190000 1.49582
29220000 1.60841
29250000 1.61496
29280000 1.56348
29310000 1.63678
29340000 1.76334
29370000 1.7797
29400000 1.8237
29430000 1.89147
29460000 1.77214
29490000 1.93411
29520000 1.9139
29550000 1.97874
29580000 1.8068
29610000 1.89478
29640000 2.20115
29670000 2.235
29700000 1.99352
29730000 2.32819
29760000 2.42386
29790000 2.26109
29820000 2.46744
29850000 2.46054
29880000 2.73281
29910000 2.7054
29940000 3.18697
29970000 3.51642
30000000 3.15353
30030000 3.95247
30060000 4.5571
30090000 4.15839
30120000 4.31556
30150000 5.05155
30180000 5.88376
30210000 6.58447
30240000 7.35058
30270000 9.24307
30300000 11.4737
30330000 13.4401
30360000 18.0814
30390000 26.9253
30420000 41.1208
