0 719.716
Inter 0.252962
30000 211.331
60000 71.7945
90000 42.0728
120000 29.7621
150000 23.2676
180000 19.5556
210000 16.9326
240000 14.8754
270000 13.1597
300000 12.1072
330000 11.3835
360000 10.4238
390000 9.85425
420000 9.50198
450000 8.97668
480000 8.59854
510000 8.27937
540000 8.03594
570000 7.73311
600000 7.36874
630000 7.20333
660000 6.98608
690000 6.73237
720000 6.61336
750000 6.46562
780000 6.29905
810000 6.13532
840000 6.02557
870000 5.94426
900000 5.79373
930000 5.66312
960000 5.52821
990000 5.55335
1020000 5.48967
1050000 5.27964
1080000 5.19202
1110000 5.09475
1140000 5.08064
1170000 5.03533
1200000 4.90364
1230000 4.81726
1260000 4.70731
1290000 4.66731
1320000 4.61206
1350000 4.50357
1380000 4.45829
1410000 4.43039
1440000 4.38924
1470000 4.37751
1500000 4.24231
1530000 4.26265
1560000 4.16171
1590000 4.20158
1620000 4.12772
1650000 4.06241
1680000 4.00272
1710000 3.96474
1740000 3.92191
1770000 3.89067
1800000 3.81412
1830000 3.75589
1860000 3.71629
1890000 3.73113
1920000 3.63583
1950000 3.64715
1980000 3.64572
2010000 3.60773
2040000 3.47612
2070000 3.44932
2100000 3.48442
2130000 3.47069
2160000 3.38761
2190000 3.37299
2220000 3.26266
2250000 3.33335
2280000 3.29842
2310000 3.29215
2340000 3.2409
2370000 3.19089
2400000 3.16217
2430000 3.13237
2460000 3.1036
2490000 3.05934
2520000 2.9927
2550000 2.95317
2580000 2.94265
2610000 2.87542
2640000 2.86154
2670000 2.8539
2700000 2.85881
2730000 2.83099
2760000 2.73515
2790000 2.78585
2820000 2.72149
2850000 2.70336
2880000 2.67243
2910000 2.65607
2940000 2.66304
2970000 2.58284
3000000 2.55032
3030000 2.50864
3060000 2.5669
3090000 2.42529
3120000 2.48422
3150000 2.48449
3180000 2.42338
3210000 2.49037
3240000 2.45859
3270000 2.40311
3300000 2.41418
3330000 2.36141
3360000 2.36109
3390000 2.36375
3420000 2.31336
3450000 2.33819
3480000 2.27596
3510000 2.29852
3540000 2.15748
3570000 2.1394
3600000 2.1469
3630000 2.15935
3660000 2.0627
3690000 2.08706
3720000 2.02167
3750000 2.05746
3780000 2.02611
3810000 2.02996
3840000 1.96288
3870000 1.93145
3900000 1.99206
3930000 1.90352
3960000 1.89487
3990000 1.87732
4020000 1.88692
4050000 1.87924
4080000 1.89105
4110000 1.84894
4140000 1.79035
4170000 1.79493
4200000 1.82391
4230000 1.75931
4260000 1.75676
4290000 1.75006
4320000 1.77437
4350000 1.67753
4380000 1.70253
4410000 1.65798
4440000 1.71532
4470000 1.66509
4500000 1.64859
4530000 1.61983
4560000 1.5985
4590000 1.60104
4620000 1.56178
4650000 1.61441
4680000 1.54049
4710000 1.51986
4740000 1.49388
4770000 1.51577
4800000 1.46001
4830000 1.46087
4860000 1.45413
4890000 1.47306
4920000 1.44078
4950000 1.41684
4980000 1.42251
5010000 1.39481
5040000 1.40116
5070000 1.37373
5100000 1.35291
5130000 1.37684
5160000 1.30498
5190000 1.22439
5220000 1.35322
5250000 1.31876
5280000 1.32053
5310000 1.29684
5340000 1.24339
5370000 1.27563
5400000 1.2184
5430000 1.27241
5460000 1.21861
5490000 1.17947
5520000 1.17286
5550000 1.17787
5580000 1.13976
5610000 1.07963
5640000 1.12166
5670000 1.14581
5700000 1.10021
5730000 1.09872
5760000 1.0936
5790000 1.10529
5820000 1.14432
5850000 1.1256
5880000 1.04302
5910000 1.06392
5940000 1.06682
5970000 1.04545
6000000 1.06296
6030000 1.05604
6060000 1.04711
6090000 0.996946
6120000 1.04394
6150000 0.964321
6180000 0.993058
6210000 0.927709
6240000 0.956949
6270000 0.929741
6300000 0.944584
6330000 0.929115
6360000 0.918243
6390000 0.888314
6420000 0.939934
6450000 0.858965
6480000 0.879652
6510000 0.892733
6540000 0.863194
6570000 0.878079
6600000 0.893984
6630000 0.846373
6660000 0.873263
6690000 0.867584
6720000 0.865743
6750000 0.85181
6780000 0.857101
6810000 0.819379
6840000 0.839128
6870000 0.846547
6900000 0.813817
6930000 0.82124
6960000 0.809308
6990000 0.802495
7020000 0.772441
7050000 0.778269
7080000 0.753198
7110000 0.794633
7140000 0.767903
7170000 0.744788
7200000 0.752938
7230000 0.724247
7260000 0.72159
7290000 0.725216
7320000 0.713081
7350000 0.707194
7380000 0.71378
7410000 0.699813
7440000 0.684778
7470000 0.717485
7500000 0.699673
7530000 0.661482
7560000 0.658689
7590000 0.701634
7620000 0.664689
7650000 0.672178
7680000 0.662249
7710000 0.66535
7740000 0.656691
7770000 0.665239
7800000 0.631314
7830000 0.63384
7860000 0.630574
7890000 0.638642
7920000 0.618011
7950000 0.637292
7980000 0.625708
8010000 0.605727
8040000 0.617717
8070000 0.590867
8100000 0.59485
8130000 0.599531
8160000 0.592
8190000 0.608778
8220000 0.604038
8250000 0.579695
8280000 0.569172
8310000 0.586013
8340000 0.552523
8370000 0.575048
8400000 0.559263
8430000 0.556936
8460000 0.582554
8490000 0.543637
8520000 0.520212
8550000 0.550876
8580000 0.523444
8610000 0.518336
8640000 0.522342
8670000 0.513705
8700000 0.530067
8730000 0.530559
8760000 0.500402
8790000 0.478829
8820000 0.501894
8850000 0.531488
8880000 0.49481
8910000 0.50551
8940000 0.513821
8970000 0.502207
9000000 0.493039
9030000 0.487859
9060000 0.474718
9090000 0.484673
9120000 0.488864
9150000 0.501761
9180000 0.473501
9210000 0.469472
9240000 0.47653
9270000 0.491104
9300000 0.465899
9330000 0.467675
9360000 0.442037
9390000 0.46987
9420000 0.46862
9450000 0.441187
9480000 0.452692
9510000 0.447696
9540000 0.452013
9570000 0.424881
9600000 0.423479
9630000 0.424061
9660000 0.441669
9690000 0.442547
9720000 0.428129
9750000 0.426743
9780000 0.42276
9810000 0.41707
9840000 0.402552
9870000 0.42216
9900000 0.419655
9930000 0.397467
9960000 0.40549
9990000 0.417182
10020000 0.411846
10050000 0.38235
10080000 0.386275
10110000 0.386314
10140000 0.387252
10170000 0.398933
10200000 0.412802
10230000 0.39421
10260000 0.374475
10290000 0.394011
10320000 0.383506
10350000 0.39247
10380000 0.400676
10410000 0.386143
10440000 0.383989
10470000 0.39411
10500000 0.387208
10530000 0.387792
10560000 0.386398
10590000 0.357314
10620000 0.386674
10650000 0.369168
10680000 0.360602
10710000 0.359263
10740000 0.370483
10770000 0.364792
10800000 0.356007
10830000 0.361061
10860000 0.355005
10890000 0.356192
10920000 0.372318
10950000 0.352064
10980000 0.363637
11010000 0.357072
11040000 0.355089
11070000 0.338778
11100000 0.360171
11130000 0.349166
11160000 0.368296
11190000 0.368254
11220000 0.333745
11250000 0.372296
11280000 0.353831
11310000 0.347404
11340000 0.350525
11370000 0.362741
11400000 0.348143
11430000 0.357841
11460000 0.32867
11490000 0.366919
11520000 0.349066
11550000 0.340002
11580000 0.349339
11610000 0.347554
11640000 0.337152
11670000 0.346097
11700000 0.357036
11730000 0.355165
11760000 0.371773
11790000 0.364887
11820000 0.329526
11850000 0.355041
11880000 0.359233
11910000 0.338199
11940000 0.345936
11970000 0.351166
12000000 0.351513
12030000 0.357528
12060000 0.339875
12090000 0.340845
12120000 0.327307
12150000 0.349254
12180000 0.342387
12210000 0.365305
12240000 0.350021
12270000 0.35297
12300000 0.352614
12330000 0.328167
12360000 0.340332
12390000 0.32817
12420000 0.366225
12450000 0.337102
12480000 0.36389
12510000 0.343967
12540000 0.357222
12570000 0.362413
12600000 0.338788
12630000 0.350144
12660000 0.357328
12690000 0.380932
12720000 0.33096
12750000 0.33855
12780000 0.33655
12810000 0.355963
12840000 0.333514
12870000 0.36233
12900000 0.366386
12930000 0.334241
12960000 0.349621
12990000 0.340677
13020000 0.332589
13050000 0.347672
13080000 0.333913
13110000 0.337076
13140000 0.334838
13170000 0.346028
13200000 0.338165
13230000 0.348191
13260000 0.3388
13290000 0.352785
13320000 0.338623
13350000 0.33901
13380000 0.329261
13410000 0.342552
13440000 0.34118
13470000 0.341258
13500000 0.36352
13530000 0.338992
13560000 0.355765
13590000 0.352444
13620000 0.362045
13650000 0.352355
13680000 0.359591
13710000 0.358898
13740000 0.368555
13770000 0.371692
13800000 0.357552
13830000 0.350107
13860000 0.372714
13890000 0.335634
13920000 0.37391
13950000 0.367047
13980000 0.348901
14010000 0.345746
14040000 0.366936
14070000 0.3739
14100000 0.348154
14130000 0.377378
14160000 0.381763
14190000 0.368569
14220000 0.366885
14250000 0.364866
14280000 0.355845
14310000 0.398976
14340000 0.383443
14370000 0.391786
14400000 0.374126
14430000 0.377275
14460000 0.385447
14490000 0.372038
14520000 0.392466
14550000 0.384373
14580000 0.381682
14610000 0.420208
14640000 0.399672
14670000 0.392095
14700000 0.392257
14730000 0.390676
14760000 0.379199
14790000 0.39391
14820000 0.373414
14850000 0.396587
14880000 0.363505
14910000 0.400864
14940000 0.405814
14970000 0.423088
15000000 0.379825
15030000 0.425943
15060000 0.389687
15090000 0.404175
15120000 0.393832
15150000 0.400171
15180000 0.403523
15210000 0.399858
15240000 0.407439
15270000 0.381284
15300000 0.390423
15330000 0.409851
15360000 0.404225
15390000 0.405906
15420000 0.41316
15450000 0.392662
15480000 0.43596
15510000 0.404503
15540000 0.413403
15570000 0.418331
15600000 0.404326
15630000 0.436295
15660000 0.424405
15690000 0.401191
15720000 0.437369
15750000 0.414541
15780000 0.450106
15810000 0.426431
15840000 0.428392
15870000 0.431152
15900000 0.438596
15930000 0.431695
15960000 0.425689
15990000 0.413347
16020000 0.430368
16050000 0.432219
16080000 0.415776
16110000 0.46619
16140000 0.442176
16170000 0.446864
16200000 0.426962
16230000 0.489104
16260000 0.437493
16290000 0.47301
16320000 0.45467
16350000 0.454185
16380000 0.454243
16410000 0.461297
16440000 0.453551
16470000 0.448891
16500000 0.43736
16530000 0.422418
16560000 0.430454
16590000 0.450722
16620000 0.429995
16650000 0.408983
16680000 0.428277
16710000 0.465185
16740000 0.444941
16770000 0.437975
16800000 0.468264
16830000 0.441703
16860000 0.43867
16890000 0.458661
16920000 0.445126
16950000 0.422015
16980000 0.454316
17010000 0.449446
17040000 0.463272
17070000 0.486743
17100000 0.488301
17130000 0.453056
17160000 0.498754
17190000 0.496353
17220000 0.476916
17250000 0.483736
17280000 0.477044
17310000 0.479343
17340000 0.466722
17370000 0.501847
17400000 0.513297
17430000 0.49489
17460000 0.497071
17490000 0.483884
17520000 0.489404
17550000 0.507039
17580000 0.475905
17610000 0.515432
17640000 0.475994
17670000 0.485312
17700000 0.498078
17730000 0.51219
17760000 0.511696
17790000 0.481
17820000 0.514445
17850000 0.539469
17880000 0.513329
17910000 0.55459
17940000 0.516556
17970000 0.520697
18000000 0.506617
18030000 0.590972
18060000 0.539785
18090000 0.542161
18120000 0.558901
18150000 0.559594
18180000 0.542439
18210000 0.542428
18240000 0.557461
18270000 0.537045
18300000 0.520163
18330000 0.563
18360000 0.534671
18390000 0.564348
18420000 0.554129
18450000 0.54357
18480000 0.529968
18510000 0.544788
18540000 0.56363
18570000 0.55125
18600000 0.554699
18630000 0.551097
18660000 0.586832
18690000 0.541697
18720000 0.52741
18750000 0.587285
18780000 0.574165
18810000 0.579672
18840000 0.571018
18870000 0.590183
18900000 0.57314
18930000 0.576747
18960000 0.594395
18990000 0.585608
19020000 0.579533
19050000 0.53847
19080000 0.57529
19110000 0.594362
19140000 0.570962
19170000 0.595954
19200000 0.608334
19230000 0.567385
19260000 0.555563
19290000 0.580273
19320000 0.583733
19350000 0.605205
19380000 0.562069
19410000 0.601897
19440000 0.613794
19470000 0.568819
19500000 0.598329
19530000 0.615904
19560000 0.624675
19590000 0.645799
19620000 0.625849
19650000 0.612761
19680000 0.605036
19710000 0.619265
19740000 0.605642
19770000 0.614216
19800000 0.594579
19830000 0.617593
19860000 0.613957
19890000 0.611282
19920000 0.577484
19950000 0.619572
19980000 0.633436
20010000 0.611036
20040000 0.600423
20070000 0.630569
20100000 0.630781
20130000 0.646768
20160000 0.639185
20190000 0.660234
20220000 0.587104
20250000 0.648756
20280000 0.645341
20310000 0.669495
20340000 0.648313
20370000 0.651967
20400000 0.634638
20430000 0.638858
20460000 0.646527
20490000 0.660748
20520000 0.663078
20550000 0.640254
20580000 0.625814
20610000 0.637906
20640000 0.689681
20670000 0.677905
20700000 0.671493
20730000 0.65893
20760000 0.665522
20790000 0.697873
20820000 0.701192
20850000 0.697484
20880000 0.681947
20910000 0.706684
20940000 0.708626
20970000 0.713821
21000000 0.697572
21030000 0.68321
21060000 0.688119
21090000 0.695564
21120000 0.676683
21150000 0.703596
21180000 0.703981
21210000 0.696091
21240000 0.705426
21270000 0.735537
21300000 0.732251
21330000 0.684441
21360000 0.705338
21390000 0.73167
21420000 0.765335
21450000 0.707234
21480000 0.74948
21510000 0.75453
21540000 0.754222
21570000 0.741398
21600000 0.729665
21630000 0.746171
21660000 0.766605
21690000 0.794349
21720000 0.785057
21750000 0.722646
21780000 0.790157
21810000 0.782015
21840000 0.803427
21870000 0.807973
21900000 0.779246
21930000 0.733835
21960000 0.777936
21990000 0.813142
22020000 0.808759
22050000 0.798088
22080000 0.804194
22110000 0.799036
22140000 0.830605
22170000 0.802678
22200000 0.849003
22230000 0.809073
22260000 0.799784
22290000 0.835488
22320000 0.77426
22350000 0.839068
22380000 0.869362
22410000 0.798419
22440000 0.823346
22470000 0.839815
22500000 0.8042
22530000 0.810833
22560000 0.766582
22590000 0.804042
22620000 0.794014
22650000 0.820706
22680000 0.859557
22710000 0.834061
22740000 0.843427
22770000 0.852105
22800000 0.869444
22830000 0.860135
22860000 0.846252
22890000 0.878421
22920000 0.88869
22950000 0.859401
22980000 0.896737
23010000 0.869216
23040000 0.8396
23070000 0.880602
23100000 0.897905
23130000 0.909334
23160000 0.900065
23190000 0.880455
23220000 0.833798
23250000 0.911215
23280000 0.890879
23310000 0.853804
23340000 0.931503
23370000 0.886008
23400000 0.819496
23430000 0.926459
23460000 0.885412
23490000 0.888244
23520000 0.862277
23550000 0.866796
23580000 0.93283
23610000 0.877236
23640000 0.870051
23670000 0.84211
23700000 0.863702
23730000 0.921535
23760000 0.899728
23790000 0.894659
23820000 0.857585
23850000 0.907143
23880000 0.866796
23910000 0.876073
23940000 0.968129
23970000 0.897466
24000000 0.862926
24030000 0.902271
24060000 0.889602
24090000 0.921949
24120000 0.901766
24150000 0.929003
24180000 0.98452
24210000 0.95589
24240000 0.917934
24270000 0.970003
24300000 0.905457
24330000 0.907998
24360000 0.968498
24390000 0.925387
24420000 0.961417
24450000 0.981063
24480000 0.981652
24510000 0.987044
24540000 0.992674
24570000 1.05935
24600000 1.111
24630000 1.05449
24660000 1.07781
24690000 1.02519
24720000 1.09987
24750000 1.0821
24780000 1.07989
24810000 1.11851
24840000 1.0694
24870000 1.13425
24900000 1.11223
24930000 1.18782
24960000 1.1046
24990000 1.05224
25020000 1.15316
25050000 1.19549
25080000 1.18659
25110000 1.12099
25140000 1.18618
25170000 1.12257
25200000 1.20731
25230000 1.20484
25260000 1.08857
25290000 1.18778
25320000 1.31974
25350000 1.13726
25380000 1.26389
25410000 1.33367
25440000 1.23072
25470000 1.25584
25500000 1.32361
25530000 1.31507
25560000 1.25432
25590000 1.25967
25620000 1.32373
25650000 1.36829
25680000 1.38818
25710000 1.30579
25740000 1.47791
25770000 1.492
25800000 1.6533
25830000 1.59015
25860000 1.59546
25890000 1.56907
25920000 1.36394
25950000 1.73196
25980000 1.66458
26010000 1.6067
26040000 1.71426
26070000 1.80726
26100000 1.93889
26130000 1.8802
26160000 1.95153
26190000 2.02635
26220000 2.0602
26250000 2.20374
26280000 1.88306
26310000 2.03475
26340000 2.27608
26370000 2.37108
26400000 2.54341
26430000 2.445
26460000 2.53719
26490000 2.70823
26520000 3.52001
26550000 3.23578
26580000 3.26348
26610000 4.02175
26640000 3.47363
26670000 4.18494
26700000 4.67802
26730000 4.99129
26760000 5.36321
26790000 6.77102
26820000 7.20086
26850000 8.33865
26880000 8.86088
26910000 8.58445
26940000 0
26970000 0
