0 737.659
Inter 0.25849
30000 215.884
60000 73.9932
90000 44.1909
120000 31.5595
150000 24.7025
180000 20.1911
210000 17.3416
240000 15.4326
270000 13.8559
300000 12.6734
330000 11.9312
360000 11.2207
390000 10.4265
420000 9.74269
450000 9.35324
480000 8.93152
510000 8.55823
540000 8.19617
570000 7.86966
600000 7.6029
630000 7.43552
660000 7.15328
690000 6.91028
720000 6.75488
750000 6.64803
780000 6.62452
810000 6.31689
840000 6.22553
870000 6.05196
900000 5.98473
930000 5.87044
960000 5.76236
990000 5.70072
1020000 5.50624
1050000 5.39604
1080000 5.30532
1110000 5.28416
1140000 5.17058
1170000 5.20781
1200000 4.9777
1230000 4.84191
1260000 4.81917
1290000 4.65694
1320000 4.71647
1350000 4.66693
1380000 4.59443
1410000 4.44805
1440000 4.40814
1470000 4.35912
1500000 4.26417
1530000 4.17804
1560000 4.1809
1590000 4.01775
1620000 4.06942
1650000 3.92557
1680000 3.90937
1710000 3.91543
1740000 3.89888
1770000 3.78473
1800000 3.77388
1830000 3.76075
1860000 3.65559
1890000 3.64465
1920000 3.5999
1950000 3.49621
1980000 3.51701
2010000 3.53204
2040000 3.43288
2070000 3.44015
2100000 3.36942
2130000 3.39734
2160000 3.3061
2190000 3.35712
2220000 3.2918
2250000 3.23449
2280000 3.16991
2310000 3.21155
2340000 3.20652
2370000 3.12427
2400000 3.077
2430000 3.05695
2460000 2.98779
2490000 3.04644
2520000 2.94599
2550000 2.93972
2580000 2.93295
2610000 2.90994
2640000 2.76325
2670000 2.92796
2700000 2.798
2730000 2.84427
2760000 2.78339
2790000 2.70884
2820000 2.73757
2850000 2.71093
2880000 2.70515
2910000 2.60925
2940000 2.66264
2970000 2.56916
3000000 2.63541
3030000 2.59568
3060000 2.52933
3090000 2.54254
3120000 2.60929
3150000 2.5107
3180000 2.46034
3210000 2.39805
3240000 2.40835
3270000 2.44378
3300000 2.42751
3330000 2.36613
3360000 2.32603
3390000 2.25182
3420000 2.27778
3450000 2.25715
3480000 2.27949
3510000 2.27752
3540000 2.26095
3570000 2.21288
3600000 2.16639
3630000 2.16457
3660000 2.15044
3690000 2.14253
3720000 2.05804
3750000 2.04416
3780000 2.03495
3810000 2.04911
3840000 2.05087
3870000 1.98813
3900000 2.03761
3930000 1.93515
3960000 1.96057
3990000 1.89957
4020000 1.90702
4050000 1.90051
4080000 1.8932
4110000 1.91566
4140000 1.81038
4170000 1.81584
4200000 1.80441
4230000 1.82642
4260000 1.78564
4290000 1.83428
4320000 1.75836
4350000 1.80243
4380000 1.734
4410000 1.71313
4440000 1.71918
4470000 1.82373
4500000 1.78611
4530000 1.69056
4560000 1.72907
4590000 1.66952
4620000 1.70369
4650000 1.63434
4680000 1.62418
4710000 1.66586
4740000 1.57658
4770000 1.55073
4800000 1.50951
4830000 1.55724
4860000 1.55
4890000 1.51049
4920000 1.44542
4950000 1.57694
4980000 1.52382
5010000 1.43651
5040000 1.47401
5070000 1.51484
5100000 1.39637
5130000 1.38571
5160000 1.41358
5190000 1.35453
5220000 1.36982
5250000 1.3397
5280000 1.33452
5310000 1.31576
5340000 1.31482
5370000 1.38392
5400000 1.31334
5430000 1.34839
5460000 1.34788
5490000 1.30383
5520000 1.31099
5550000 1.2976
5580000 1.26911
5610000 1.2309
5640000 1.22947
5670000 1.21876
5700000 1.26729
5730000 1.27629
5760000 1.21053
5790000 1.20758
5820000 1.21784
5850000 1.15751
5880000 1.1408
5910000 1.12918
5940000 1.1117
5970000 1.13388
6000000 1.15555
6030000 1.14064
6060000 1.09229
6090000 1.12623
6120000 1.07495
6150000 1.11345
6180000 1.09109
6210000 1.03755
6240000 1.05878
6270000 1.01467
6300000 1.02576
6330000 1.04129
6360000 1.01032
6390000 1.00739
6420000 1.01025
6450000 1.00407
6480000 0.958224
6510000 0.984002
6540000 1.01021
6570000 0.960508
6600000 0.96209
6630000 0.997902
6660000 0.980549
6690000 0.990282
6720000 0.966129
6750000 0.948573
6780000 0.973033
6810000 0.939657
6840000 0.947825
6870000 0.969195
6900000 0.916102
6930000 0.899925
6960000 0.908724
6990000 0.950224
7020000 0.913262
7050000 0.928314
7080000 0.895825
7110000 0.884651
7140000 0.870024
7170000 0.826458
7200000 0.837924
7230000 0.834484
7260000 0.828329
7290000 0.854604
7320000 0.794185
7350000 0.81493
7380000 0.808231
7410000 0.755904
7440000 0.84312
7470000 0.788908
7500000 0.763415
7530000 0.784096
7560000 0.788899
7590000 0.7712
7620000 0.780539
7650000 0.787646
7680000 0.76815
7710000 0.744934
7740000 0.755532
7770000 0.765666
7800000 0.774784
7830000 0.717636
7860000 0.72168
7890000 0.747645
7920000 0.741598
7950000 0.686256
7980000 0.741361
8010000 0.745938
8040000 0.735493
8070000 0.780708
8100000 0.726495
8130000 0.754246
8160000 0.694301
8190000 0.717955
8220000 0.704616
8250000 0.688978
8280000 0.746364
8310000 0.667236
8340000 0.684068
8370000 0.668387
8400000 0.667638
8430000 0.661256
8460000 0.620824
8490000 0.634865
8520000 0.665903
8550000 0.613251
8580000 0.566064
8610000 0.595696
8640000 0.633347
8670000 0.632841
8700000 0.617207
8730000 0.597263
8760000 0.602887
8790000 0.624495
8820000 0.591153
8850000 0.6526
8880000 0.643574
8910000 0.603792
8940000 0.586402
8970000 0.597372
9000000 0.576185
9030000 0.601371
9060000 0.593164
9090000 0.6259
9120000 0.613768
9150000 0.559839
9180000 0.61632
9210000 0.589025
9240000 0.568829
9270000 0.558551
9300000 0.566576
9330000 0.547556
9360000 0.555729
9390000 0.573621
9420000 0.522893
9450000 0.514182
9480000 0.510387
9510000 0.532333
9540000 0.536831
9570000 0.488874
9600000 0.479799
9630000 0.473929
9660000 0.543121
9690000 0.506951
9720000 0.522091
9750000 0.503712
9780000 0.483027
9810000 0.495982
9840000 0.485279
9870000 0.464908
9900000 0.49988
9930000 0.474008
9960000 0.436893
9990000 0.480869
10020000 0.450684
10050000 0.468753
10080000 0.42699
10110000 0.464748
10140000 0.422338
10170000 0.468719
10200000 0.457274
10230000 0.45079
10260000 0.407477
10290000 0.426194
10320000 0.411756
10350000 0.438175
10380000 0.416459
10410000 0.424544
10440000 0.425415
10470000 0.368615
10500000 0.416453
10530000 0.395108
10560000 0.404999
10590000 0.403524
10620000 0.400641
10650000 0.386525
10680000 0.371534
10710000 0.373558
10740000 0.375331
10770000 0.390729
10800000 0.382298
10830000 0.384194
10860000 0.402304
10890000 0.377565
10920000 0.392072
10950000 0.399309
10980000 0.383583
11010000 0.391268
11040000 0.407406
11070000 0.406484
11100000 0.398084
11130000 0.354328
11160000 0.374081
11190000 0.37534
11220000 0.378216
11250000 0.380897
11280000 0.369194
11310000 0.354767
11340000 0.380853
11370000 0.364814
11400000 0.388425
11430000 0.366477
11460000 0.363048
11490000 0.353644
11520000 0.357438
11550000 0.338889
11580000 0.356623
11610000 0.369097
11640000 0.331117
11670000 0.34833
11700000 0.368118
11730000 0.332296
11760000 0.372598
11790000 0.370378
11820000 0.346801
11850000 0.344417
11880000 0.343394
11910000 0.311977
11940000 0.327808
11970000 0.338277
12000000 0.335099
12030000 0.346864
12060000 0.359542
12090000 0.316676
12120000 0.350237
12150000 0.33282
12180000 0.359843
12210000 0.33961
12240000 0.334547
12270000 0.333256
12300000 0.35709
12330000 0.295321
12360000 0.318194
12390000 0.302636
12420000 0.294149
12450000 0.316125
12480000 0.347278
12510000 0.320763
12540000 0.288206
12570000 0.320521
12600000 0.325125
12630000 0.3324
12660000 0.29753
12690000 0.316645
12720000 0.312027
12750000 0.322678
12780000 0.339317
12810000 0.333415
12840000 0.316387
12870000 0.304003
12900000 0.311731
12930000 0.292613
12960000 0.293487
12990000 0.321796
13020000 0.315052
13050000 0.284675
13080000 0.28686
13110000 0.27262
13140000 0.279721
13170000 0.301033
13200000 0.31799
13230000 0.305889
13260000 0.29862
13290000 0.299625
13320000 0.323855
13350000 0.315083
13380000 0.289929
13410000 0.275031
13440000 0.314164
13470000 0.318815
13500000 0.358526
13530000 0.293001
13560000 0.294847
13590000 0.30485
13620000 0.309712
13650000 0.310542
13680000 0.288377
13710000 0.267951
13740000 0.294312
13770000 0.311886
13800000 0.302499
13830000 0.328205
13860000 0.342064
13890000 0.32249
13920000 0.278911
13950000 0.294004
13980000 0.32757
14010000 0.329041
14040000 0.339946
14070000 0.316957
14100000 0.313737
14130000 0.335358
14160000 0.338464
14190000 0.330266
14220000 0.328424
14250000 0.323088
14280000 0.303847
14310000 0.32632
14340000 0.325761
14370000 0.346036
14400000 0.328145
14430000 0.300962
14460000 0.32153
14490000 0.305191
14520000 0.334487
14550000 0.340588
14580000 0.306068
14610000 0.344849
14640000 0.315215
14670000 0.330899
14700000 0.321887
14730000 0.367695
14760000 0.351465
14790000 0.343015
14820000 0.354471
14850000 0.325273
14880000 0.371322
14910000 0.401551
14940000 0.372695
14970000 0.338711
15000000 0.420824
15030000 0.382151
15060000 0.420693
15090000 0.411224
15120000 0.377036
15150000 0.373565
15180000 0.405479
15210000 0.410483
15240000 0.372662
15270000 0.407247
15300000 0.417234
15330000 0.392187
15360000 0.397606
15390000 0.353789
15420000 0.473029
15450000 0.418891
15480000 0.433744
15510000 0.457335
15540000 0.399782
15570000 0.443707
15600000 0.415659
15630000 0.470474
15660000 0.429283
15690000 0.476492
15720000 0.443037
15750000 0.464202
15780000 0.462649
15810000 0.500811
15840000 0.460572
15870000 0.475303
15900000 0.402039
15930000 0.445387
15960000 0.487323
15990000 0.497211
16020000 0.508928
16050000 0.466427
16080000 0.489878
16110000 0.478963
16140000 0.500568
16170000 0.512564
16200000 0.503002
16230000 0.446847
16260000 0.555821
16290000 0.518583
16320000 0.514182
16350000 0.487357
16380000 0.506717
16410000 0.573002
16440000 0.520385
16470000 0.462284
16500000 0.570906
16530000 0.578189
16560000 0.619555
16590000 0.636523
16620000 0.67607
16650000 0.594591
16680000 0.659208
16710000 0.600091
16740000 0.615804
16770000 0.608352
16800000 0.67796
16830000 0.637492
16860000 0.645795
16890000 0.697802
16920000 0.708296
16950000 0.682368
16980000 0.747313
17010000 0.735225
17040000 0.688824
17070000 0.762284
17100000 0.703587
17130000 0.736114
17160000 0.734204
17190000 0.718862
17220000 0.720053
17250000 0.725
17280000 0.662796
17310000 0.74145
17340000 0.815442
17370000 0.818121
17400000 0.900508
17430000 0.760375
17460000 0.834327
17490000 0.767816
17520000 0.966897
17550000 0.719636
17580000 0.873871
17610000 0.953185
17640000 1.00545
17670000 0.909
17700000 0.990708
17730000 0.976029
17760000 0.883608
17790000 1.06853
17820000 0.984384
17850000 0.885705
17880000 1.06807
17910000 1.06904
17940000 1.25767
17970000 1.13916
18000000 1.31833
18030000 1.20433
18060000 1.43857
18090000 1.38733
18120000 1.36567
18150000 1.0411
18180000 1.39085
18210000 1.07375
18240000 1.15339
18270000 1.13488
18300000 1.49213
18330000 1.46416
18360000 1.44222
18390000 1.4658
18420000 1.53536
18450000 1.92288
18480000 1.86059
18510000 1.59411
18540000 1.62658
18570000 1.98881
