0 716.661
Inter 0.257708
30000 215.451
60000 76.6722
90000 44.2508
120000 31.0483
150000 24.4506
180000 20.1718
210000 17.5624
240000 15.3549
270000 13.7377
300000 12.4387
330000 11.4149
360000 10.6254
390000 10.0615
420000 9.40857
450000 8.94707
480000 8.53333
510000 8.10781
540000 7.93435
570000 7.59758
600000 7.45597
630000 7.15114
660000 6.99525
690000 6.90407
720000 6.60887
750000 6.43831
780000 6.34813
810000 6.23222
840000 6.04186
870000 5.97205
900000 5.63027
930000 5.59858
960000 5.54348
990000 5.42992
1020000 5.30458
1050000 5.16838
1080000 5.05638
1110000 4.97394
1140000 4.91845
1170000 4.85766
1200000 4.70468
1230000 4.6503
1260000 4.55445
1290000 4.48538
1320000 4.50138
1350000 4.44547
1380000 4.28396
1410000 4.29607
1440000 4.20337
1470000 4.15459
1500000 4.09742
1530000 4.0424
1560000 4.05851
1590000 4.07377
1620000 3.92125
1650000 3.84258
1680000 3.83181
1710000 3.75748
1740000 3.67705
1770000 3.66972
1800000 3.62385
1830000 3.55341
1860000 3.55345
1890000 3.56338
1920000 3.53063
1950000 3.43375
1980000 3.43308
2010000 3.35135
2040000 3.32806
2070000 3.28683
2100000 3.33011
2130000 3.2032
2160000 3.17524
2190000 3.18501
2220000 3.12371
2250000 3.0943
2280000 3.07479
2310000 3.02069
2340000 2.9613
2370000 3.04671
2400000 2.91674
2430000 2.95103
2460000 2.89508
2490000 2.83322
2520000 2.83186
2550000 2.78583
2580000 2.78145
2610000 2.75541
2640000 2.75283
2670000 2.73042
2700000 2.72278
2730000 2.69511
2760000 2.65614
2790000 2.61573
2820000 2.50347
2850000 2.58071
2880000 2.52662
2910000 2.50235
2940000 2.51399
2970000 2.48834
3000000 2.36637
3030000 2.3764
3060000 2.45061
3090000 2.35489
3120000 2.3203
3150000 2.32843
3180000 2.39861
3210000 2.28352
3240000 2.30005
3270000 2.27032
3300000 2.24866
3330000 2.2944
3360000 2.17251
3390000 2.26044
3420000 2.19755
3450000 2.11589
3480000 2.18037
3510000 2.08845
3540000 2.12132
3570000 2.19029
3600000 2.02721
3630000 2.0691
3660000 2.12692
3690000 2.05973
3720000 2.05769
3750000 2.01734
3780000 2.03973
3810000 1.98291
3840000 2.00471
3870000 1.95615
3900000 1.9482
3930000 1.97367
3960000 1.97376
3990000 1.89242
4020000 1.89783
4050000 1.84858
4080000 1.83976
4110000 1.82047
4140000 1.86156
4170000 1.85371
4200000 1.866
4230000 1.85891
4260000 1.81471
4290000 1.80586
4320000 1.7031
4350000 1.75
4380000 1.69235
4410000 1.71495
4440000 1.72499
4470000 1.68823
4500000 1.66955
4530000 1.62247
4560000 1.59213
4590000 1.59821
4620000 1.57737
4650000 1.62529
4680000 1.57641
4710000 1.57024
4740000 1.53634
4770000 1.57016
4800000 1.56319
4830000 1.57514
4860000 1.57359
4890000 1.49721
4920000 1.51178
4950000 1.49208
4980000 1.49809
5010000 1.5488
5040000 1.5039
5070000 1.47157
5100000 1.44799
5130000 1.42265
5160000 1.46095
5190000 1.43259
5220000 1.43687
5250000 1.43567
5280000 1.40288
5310000 1.38841
5340000 1.36543
5370000 1.39248
5400000 1.33811
5430000 1.36791
5460000 1.32352
5490000 1.29529
5520000 1.31496
5550000 1.32386
5580000 1.31411
5610000 1.26228
5640000 1.2411
5670000 1.20755
5700000 1.20969
5730000 1.18832
5760000 1.24063
5790000 1.24507
5820000 1.24812
5850000 1.2085
5880000 1.24147
5910000 1.2129
5940000 1.22275
5970000 1.18648
6000000 1.1637
6030000 1.18169
6060000 1.18935
6090000 1.22968
6120000 1.11894
6150000 1.15464
6180000 1.13906
6210000 1.06882
6240000 1.11082
6270000 1.13959
6300000 1.11954
6330000 1.08948
6360000 1.10207
6390000 1.08793
6420000 1.03027
6450000 1.0799
6480000 1.06777
6510000 1.05037
6540000 1.02744
6570000 1.03083
6600000 1.05907
6630000 1.05369
6660000 1.03954
6690000 1.03969
6720000 1.06757
6750000 1.00413
6780000 1.00506
6810000 0.976015
6840000 1.01469
6870000 1.01433
6900000 1.00227
6930000 1.00658
6960000 0.978061
6990000 0.961874
7020000 0.974087
7050000 0.947204
7080000 0.946785
7110000 0.968928
7140000 0.940459
7170000 0.927026
7200000 0.889022
7230000 0.920656
7260000 0.921372
7290000 0.973795
7320000 0.939239
7350000 0.88713
7380000 0.94811
7410000 0.961267
7440000 0.923768
7470000 0.890593
7500000 0.919269
7530000 0.885648
7560000 0.873735
7590000 0.91515
7620000 0.902097
7650000 0.923603
7680000 0.906512
7710000 0.864091
7740000 0.889854
7770000 0.845492
7800000 0.840607
7830000 0.881189
7860000 0.815978
7890000 0.811006
7920000 0.834963
7950000 0.838356
7980000 0.861879
8010000 0.824252
8040000 0.828946
8070000 0.803151
8100000 0.802709
8130000 0.789979
8160000 0.739492
8190000 0.782776
8220000 0.744954
8250000 0.749715
8280000 0.762111
8310000 0.750069
8340000 0.764161
8370000 0.803308
8400000 0.792907
8430000 0.794777
8460000 0.771421
8490000 0.756629
8520000 0.738298
8550000 0.739568
8580000 0.754025
8610000 0.756902
8640000 0.750761
8670000 0.748954
8700000 0.715571
8730000 0.729186
8760000 0.745537
8790000 0.728018
8820000 0.7011
8850000 0.687529
8880000 0.702549
8910000 0.663332
8940000 0.6928
8970000 0.659535
9000000 0.690326
9030000 0.664619
9060000 0.678697
9090000 0.652169
9120000 0.690134
9150000 0.674719
9180000 0.641074
9210000 0.630034
9240000 0.666169
9270000 0.69465
9300000 0.63599
9330000 0.652875
9360000 0.668481
9390000 0.660737
9420000 0.643501
9450000 0.625344
9480000 0.616036
9510000 0.623087
9540000 0.620862
9570000 0.607259
9600000 0.652398
9630000 0.594297
9660000 0.60645
9690000 0.630173
9720000 0.584703
9750000 0.572496
9780000 0.609693
9810000 0.621539
9840000 0.610626
9870000 0.589164
9900000 0.56197
9930000 0.571374
9960000 0.557802
9990000 0.539544
10020000 0.59011
10050000 0.5534
10080000 0.557948
10110000 0.545692
10140000 0.541936
10170000 0.562632
10200000 0.567037
10230000 0.516327
10260000 0.542404
10290000 0.537061
10320000 0.554544
10350000 0.524977
10380000 0.516508
10410000 0.54607
10440000 0.513432
10470000 0.535317
10500000 0.481992
10530000 0.513546
10560000 0.544795
10590000 0.530519
10620000 0.527414
10650000 0.508153
10680000 0.519481
10710000 0.474727
10740000 0.463068
10770000 0.463034
10800000 0.499352
10830000 0.46302
10860000 0.515731
10890000 0.470706
10920000 0.471228
10950000 0.487364
10980000 0.485496
11010000 0.480045
11040000 0.430618
11070000 0.435957
11100000 0.46677
11130000 0.444472
11160000 0.455539
11190000 0.447206
11220000 0.459236
11250000 0.4326
11280000 0.435395
11310000 0.45326
11340000 0.438288
11370000 0.445948
11400000 0.410716
11430000 0.40614
11460000 0.422918
11490000 0.40614
11520000 0.466118
11550000 0.40325
11580000 0.41695
11610000 0.421319
11640000 0.413284
11670000 0.411372
11700000 0.406443
11730000 0.394198
11760000 0.401757
11790000 0.397621
11820000 0.39711
11850000 0.402957
11880000 0.369838
11910000 0.395472
11940000 0.391962
11970000 0.398155
12000000 0.404781
12030000 0.398469
12060000 0.38976
12090000 0.337554
12120000 0.344496
12150000 0.37199
12180000 0.363798
12210000 0.387603
12240000 0.366716
12270000 0.367871
12300000 0.35285
12330000 0.358516
12360000 0.366753
12390000 0.34835
12420000 0.353069
12450000 0.35033
12480000 0.31072
12510000 0.352312
12540000 0.365951
12570000 0.342805
12600000 0.336433
12630000 0.342912
12660000 0.324333
12690000 0.345566
12720000 0.312076
12750000 0.314528
12780000 0.326713
12810000 0.350718
12840000 0.363248
12870000 0.353871
12900000 0.335338
12930000 0.317558
12960000 0.310404
12990000 0.341578
13020000 0.31659
13050000 0.308511
13080000 0.334835
13110000 0.333139
13140000 0.322374
13170000 0.318628
13200000 0.305239
13230000 0.312348
13260000 0.316511
13290000 0.315723
13320000 0.345699
13350000 0.34652
13380000 0.342235
13410000 0.304442
13440000 0.2863
13470000 0.276857
13500000 0.292838
13530000 0.305656
13560000 0.294044
13590000 0.285838
13620000 0.328956
13650000 0.294004
13680000 0.328609
13710000 0.292632
13740000 0.305414
13770000 0.315035
13800000 0.309163
13830000 0.330427
13860000 0.317626
13890000 0.303351
13920000 0.301658
13950000 0.321115
13980000 0.289737
14010000 0.310649
14040000 0.3046
14070000 0.298645
14100000 0.308812
14130000 0.31293
14160000 0.26244
14190000 0.294015
14220000 0.358494
14250000 0.320214
14280000 0.301528
14310000 0.28896
14340000 0.287833
14370000 0.308988
14400000 0.283744
14430000 0.33658
14460000 0.301683
14490000 0.287253
14520000 0.283749
14550000 0.340337
14580000 0.317723
14610000 0.300107
14640000 0.317425
14670000 0.348028
14700000 0.307557
14730000 0.298503
14760000 0.294974
14790000 0.295796
14820000 0.295208
14850000 0.299111
14880000 0.301459
14910000 0.299299
14940000 0.305541
14970000 0.316113
15000000 0.309506
15030000 0.279587
15060000 0.315061
15090000 0.288738
15120000 0.285112
15150000 0.325616
15180000 0.306308
15210000 0.309493
15240000 0.319735
15270000 0.302605
15300000 0.308331
15330000 0.273938
15360000 0.36862
15390000 0.270535
15420000 0.291231
15450000 0.292555
15480000 0.282744
15510000 0.303528
15540000 0.310924
15570000 0.290803
15600000 0.319854
15630000 0.30991
15660000 0.272161
15690000 0.27393
15720000 0.298322
15750000 0.332608
15780000 0.322493
15810000 0.316428
15840000 0.2983
15870000 0.266927
15900000 0.268481
15930000 0.306177
15960000 0.312942
15990000 0.282289
16020000 0.285653
16050000 0.29722
16080000 0.296819
16110000 0.283197
16140000 0.303211
16170000 0.308038
16200000 0.289548
16230000 0.28326
16260000 0.27047
16290000 0.302219
16320000 0.308341
16350000 0.331373
16380000 0.300459
16410000 0.29319
16440000 0.253622
16470000 0.289162
16500000 0.297452
16530000 0.287717
16560000 0.309018
16590000 0.315897
16620000 0.290031
16650000 0.294208
16680000 0.26111
16710000 0.31829
16740000 0.366205
16770000 0.288303
16800000 0.315577
16830000 0.309094
16860000 0.300183
16890000 0.324437
16920000 0.310042
16950000 0.332921
16980000 0.3271
17010000 0.353139
17040000 0.272009
17070000 0.373139
17100000 0.305032
17130000 0.285559
17160000 0.339806
17190000 0.27273
17220000 0.33982
17250000 0.331017
17280000 0.298624
17310000 0.289033
17340000 0.256292
17370000 0.337198
17400000 0.265957
17430000 0.305309
17460000 0.275595
17490000 0.348201
17520000 0.333548
17550000 0.375827
17580000 0.320163
17610000 0.284607
17640000 0.330255
17670000 0.339255
17700000 0.347521
17730000 0.327846
17760000 0.347376
17790000 0.345856
17820000 0.396579
17850000 0.388968
17880000 0.362089
17910000 0.397755
17940000 0.297227
17970000 0.466365
18000000 0.33318
18030000 0.36811
18060000 0.329263
18090000 0.367972
18120000 0.449365
18150000 0.403512
18180000 0.389293
18210000 0.430787
18240000 0.409192
18270000 0.433992
18300000 0.49599
18330000 0.398823
18360000 0.449789
18390000 0.459758
18420000 0.500825
18450000 0.427392
18480000 0.467322
18510000 0.487981
18540000 0.488493
18570000 0.433679
18600000 0.476152
18630000 0.465458
18660000 0.502357
18690000 0.548819
18720000 0.410595
18750000 0.598917
18780000 0.470456
18810000 0.575157
18840000 0.608495
18870000 0.382671
18900000 0.459856
18930000 0.44113
18960000 0.410772
18990000 0.469292
19020000 0.628703
19050000 0.510748
19080000 0.526722
19110000 0.645355
19140000 0.745972
19170000 0.739913
19200000 0.646253
19230000 0.748992
19260000 0.974196
19290000 0.727512
19320000 0.919621
19350000 1.04805
19380000 0.774672
19410000 1.02265
19440000 1.1766
19470000 1.08166
19500000 1.34585
19530000 1.13956
19560000 0.997332
19590000 0.814278
19620000 0.404079
19650000 0.266576
19680000 0.0939068
